(2, 99.0529)
(3, 97.5389)
(4, 97.9549)
(5, 97.1936)
(6, 96.9072)
(7, 97.1806)
(8, 97.5181)
(9, 97.4657)
(10, 97.4163)
(11, 97.3652)
(12, 97.7256)
(13, 97.6759)
(14, 97.8785)
(15, 97.4853)
(16, 97.1734)
(17, 98.5731)
(18, 98.2865)
(19, 98.8881)
(20, 97.9391)
(21, 98.3912)
(22, 98.5807)
(23, 97.7679)
(24, 98.9098)
(25, 98.5075)
(26, 99.3574)
(27, 99.7556)
(28, 100.505)
(29, 99.8855)
(30, 100.284)
(31, 100.968)
(32, 101.336)
(33, 101.695)
(34, 100.94)
(35, 101.602)
(36, 101.019)
(37, 101.359)
(38, 101.055)
(39, 101.293)
(40, 102.109)
(41, 102.366)
(42, 101.121)
(43, 101.577)
(44, 101.284)
(45, 101.381)
(46, 101.044)
(47, 100.991)
(48, 102.182)
(49, 103.068)
(50, 103.882)
(51, 103.094)
(52, 103.688)
(53, 103.983)
(54, 102.445)
(55, 102.501)
(56, 102.494)
(57, 102.894)
(58, 103.197)
(59, 103.317)
(60, 102.361)
(61, 102.278)
(62, 102.229)
(63, 101.351)
(64, 100.681)
(65, 102.047)
(66, 101.892)
(67, 101.723)
(68, 102.088)
(69, 101.724)
(70, 102.193)
(71, 103.316)
(72, 103.294)
(73, 101.721)
(74, 100.084)
(75, 99.4676)
(76, 99.1135)
(77, 100.244)
(78, 100.706)
(79, 101.125)
(80, 101.723)
(81, 102.213)
(82, 102.72)
(83, 102.777)
(84, 103.096)
(85, 103.135)
(86, 102.421)
(87, 102.061)
(88, 101.936)
(89, 100.008)
(90, 99.999)
(91, 101.004)
(92, 100.698)
(93, 100.929)
(94, 101.305)
(95, 101.46)
(96, 101.387)
(97, 100.558)
(98, 101.206)
(99, 100.557)
(100, 100.993)
(101, 101.272)
(102, 102.064)
(103, 102.751)
(104, 103.096)
(105, 102.898)
(106, 102.55)
(107, 102.878)
(108, 103.369)
(109, 104.026)
(110, 103.877)
(111, 103.731)
(112, 102.911)
(113, 104.235)
(114, 103.522)
(115, 103.214)
(116, 103.308)
(117, 103.431)
(118, 103.66)
(119, 103.736)
(120, 103.77)
(121, 103.32)
(122, 103.095)
(123, 103.329)
(124, 103.635)
(125, 104.458)
(126, 103.701)
(127, 104.031)
(128, 103.88)
(129, 104.34)
(130, 102.663)
(131, 102.326)
(132, 101.976)
(133, 101.895)
(134, 102.653)
(135, 102.417)
(136, 102.006)
(137, 101.559)
(138, 102.225)
(139, 102.739)
(140, 103.014)
(141, 102.745)
(142, 103.073)
(143, 101.851)
(144, 101.244)
(145, 101.894)
(146, 101.842)
(147, 102.328)
(148, 103.358)
(149, 104.423)
(150, 103.723)
(151, 103.638)
(152, 103.69)
(153, 102.693)
(154, 102.733)
(155, 101.534)
(156, 102.155)
(157, 102.187)
(158, 102.195)
(159, 102.688)
(160, 103.351)
(161, 104.032)
(162, 103.767)
(163, 104.54)
(164, 104.295)
(165, 103.855)
(166, 104.387)
(167, 103.57)
(168, 102.611)
(169, 103.536)
(170, 104.349)
(171, 104.103)
(172, 104.07)
(173, 103.92)
(174, 104.326)
(175, 104.267)
(176, 105.562)
(177, 104.457)
(178, 103.92)
(179, 103.457)
(180, 103.966)
(181, 105.015)
(182, 104.414)
(183, 103.612)
(184, 104.571)
(185, 104.407)
(186, 104.234)
(187, 104.496)
(188, 104.829)
(189, 105.882)
(190, 105.259)
(191, 106.109)
(192, 106.807)
(193, 106.579)
(194, 106.099)
(195, 105.808)
(196, 105.423)
(197, 106.02)
(198, 106.229)
(199, 105.554)
(200, 106.104)
(201, 105.614)
(202, 105.122)
(203, 104.743)
(204, 104.901)
(205, 105.696)
(206, 104.849)
(207, 104.825)
(208, 105.841)
(209, 104.149)
(210, 103.725)
(211, 104.216)
(212, 104.173)
(213, 104.016)
(214, 103.877)
(215, 103.029)
(216, 103.486)
(217, 103.488)
(218, 103.814)
(219, 103.003)
(220, 102.116)
(221, 102.888)
(222, 103.219)
(223, 102.419)
(224, 101.1)
(225, 101.051)
(226, 100.248)
(227, 100.142)
(228, 100.179)
(229, 99.808)
(230, 99.4132)
(231, 99.152)
(232, 98.5982)
(233, 99.1479)
(234, 98.877)
(235, 98.3258)
(236, 98.7467)
(237, 97.9829)
(238, 99.3403)
(239, 98.9083)
(240, 99.0085)
(241, 98.8788)
(242, 98.9842)
(243, 99.2425)
(244, 98.2273)
(245, 99.5218)
(246, 99.502)
(247, 99.4549)
(248, 98.8605)
(249, 99.9725)
(250, 99.3555)
(251, 99.5145)
(252, 100.161)
(253, 99.9126)
(254, 99.6291)
(255, 99.5142)
(256, 99.0544)
(257, 99.8834)
(258, 99.4316)
(259, 99.2211)
(260, 99.1789)
(261, 99.598)
(262, 99.6323)
(263, 100.685)
(264, 101.093)
(265, 101.613)
(266, 101.597)
(267, 102.529)
(268, 102.273)
(269, 101.98)
(270, 101.296)
(271, 101.501)
(272, 101.35)
(273, 101.631)
(274, 100.479)
(275, 100.956)
(276, 100.022)
(277, 99.9227)
(278, 98.9246)
(279, 98.9353)
(280, 99.071)
(281, 98.5082)
(282, 98.8164)
(283, 98.1192)
(284, 99.134)
(285, 99.6859)
(286, 99.2215)
(287, 99.8199)
(288, 99.9666)
(289, 99.4297)
(290, 100.113)
(291, 100.115)
(292, 100.191)
(293, 100.177)
(294, 99.4734)
(295, 100.154)
(296, 99.7826)
(297, 99.3765)
(298, 100.105)
(299, 98.8109)
(300, 98.465)
(301, 97.6904)
(302, 97.8473)
(303, 97.1045)
(304, 97.5386)
(305, 96.8352)
(306, 96.4314)
(307, 96.5909)
(308, 97.0762)
(309, 97.1308)
(310, 96.8887)
(311, 96.463)
(312, 97.0745)
(313, 96.8885)
(314, 97.7641)
(315, 98.4598)
(316, 98.7952)
(317, 99.9282)
(318, 98.9836)
(319, 98.453)
(320, 97.7675)
(321, 97.5019)
(322, 97.3523)
(323, 97.1478)
(324, 96.0545)
(325, 96.098)
(326, 96.1096)
(327, 95.8178)
(328, 95.9965)
(329, 96.2156)
(330, 95.5702)
(331, 94.4021)
(332, 94.6539)
(333, 94.5033)
(334, 95.2026)
(335, 95.1425)
(336, 95.3064)
(337, 95.187)
(338, 94.594)
(339, 94.6206)
(340, 94.578)
(341, 94.728)
(342, 94.9829)
(343, 94.9331)
(344, 95.0673)
(345, 94.9626)
(346, 93.6133)
(347, 93.4212)
(348, 93.6397)
(349, 93.592)
(350, 94.0428)
(351, 94.3078)
(352, 95.3586)
(353, 95.0884)
(354, 94.9767)
(355, 93.8332)
(356, 94.3336)
(357, 94.7252)
(358, 94.8287)
(359, 95.2373)
(360, 95.3978)
(361, 95.9175)
(362, 95.6883)
(363, 96.5229)
(364, 96.3679)
(365, 97.0887)
(366, 96.3044)
(367, 95.7705)
(368, 95.1953)
(369, 94.5793)
(370, 94.4253)
(371, 94.6314)
(372, 94.8932)
(373, 95.3656)
(374, 96.1741)
(375, 96.8144)
(376, 96.5281)
(377, 96.4465)
(378, 96.6134)
(379, 96.406)
(380, 96.7432)
(381, 96.9454)
(382, 96.3343)
(383, 97.2719)
(384, 97.0206)
(385, 96.7077)
(386, 95.4149)
(387, 95.8955)
(388, 95.1966)
(389, 95.2852)
(390, 94.943)
(391, 94.287)
(392, 93.8197)
(393, 94.1152)
(394, 93.1415)
(395, 93.3083)
(396, 93.6039)
(397, 92.8995)
(398, 92.8703)
(399, 92.6556)
(400, 93.5931)
(401, 93.0209)
(402, 92.493)
(403, 93.0561)
(404, 93.7291)
(405, 93.4111)
(406, 93.5798)
(407, 93.7555)
(408, 93.0939)
(409, 92.9147)
(410, 92.7237)
(411, 92.1948)
(412, 92.4342)
(413, 92.2968)
(414, 92.3671)
(415, 93.1551)
(416, 92.0045)
(417, 92.5122)
(418, 92.1767)
(419, 92.0935)
(420, 92.2974)
(421, 92.4687)
(422, 92.1958)
(423, 91.7257)
(424, 91.1502)
(425, 90.9041)
(426, 90.6877)
(427, 91.4389)
(428, 92.0585)
(429, 92.4374)
(430, 92.8146)
(431, 92.6595)
(432, 92.3651)
(433, 92.4304)
(434, 91.8463)
(435, 91.8515)
(436, 91.0645)
(437, 91.0098)
(438, 90.2318)
(439, 89.0201)
(440, 88.9999)
(441, 89.0987)
(442, 88.8271)
(443, 88.0684)
(444, 87.5492)
(445, 87.3163)
(446, 87.675)
(447, 87.5388)
(448, 86.9672)
(449, 87.0692)
(450, 85.9408)
(451, 85.8275)
(452, 85.7562)
(453, 85.5376)
(454, 85.0021)
(455, 84.8508)
(456, 84.4804)
(457, 83.9077)
(458, 83.7571)
(459, 83.819)
(460, 83.6465)
(461, 84.4105)
(462, 83.8143)
(463, 84.7027)
(464, 84.8085)
(465, 85.0349)
(466, 85.1572)
(467, 85.4167)
(468, 86.4363)
(469, 85.3689)
(470, 85.6226)
(471, 86.2653)
(472, 85.9193)
(473, 85.7501)
(474, 85.4594)
(475, 85.6389)
(476, 84.8094)
(477, 84.6541)
(478, 85.2297)
(479, 84.7386)
(480, 85.4143)
(481, 85.3668)
(482, 85.2412)
(483, 84.8017)
(484, 84.7527)
(485, 85.5844)
(486, 85.0644)
(487, 85.4546)
(488, 85.1607)
(489, 86.3936)
(490, 85.4863)
(491, 84.8432)
(492, 84.1692)
(493, 85.5366)
(494, 85.9861)
(495, 85.4867)
(496, 85.6086)
(497, 85.7025)
(498, 85.9644)
(499, 85.5977)
(500, 84.7202)
(501, 84.772)
(502, 85.0892)
(503, 84.3534)
(504, 83.1505)
(505, 83.7417)
(506, 83.7721)
(507, 83.9957)
(508, 83.8794)
(509, 83.3789)
(510, 82.8336)
(511, 82.9587)
(512, 83.8639)
(513, 84.2827)
(514, 82.5882)
(515, 82.4238)
(516, 82.1285)
(517, 82.6214)
(518, 82.9891)
(519, 83.9512)
(520, 84.4342)
(521, 83.4988)
(522, 82.2216)
(523, 81.9714)
(524, 82.0466)
(525, 81.7687)
(526, 80.9869)
(527, 81.0781)
(528, 81.442)
(529, 81.6056)
(530, 81.1883)
(531, 80.877)
(532, 81.6208)
(533, 81.7982)
(534, 81.9769)
(535, 81.8257)
(536, 80.6281)
(537, 79.3153)
(538, 79.7242)
(539, 79.8973)
(540, 80.648)
(541, 80.5974)
(542, 80.6868)
(543, 81.1305)
(544, 81.8037)
(545, 81.1231)
(546, 80.4599)
(547, 79.7191)
(548, 78.952)
(549, 79.8621)
(550, 80.3628)
(551, 80.2449)
(552, 79.1323)
(553, 79.455)
(554, 80.2077)
(555, 79.9428)
(556, 79.5452)
(557, 80.2412)
(558, 79.6017)
(559, 80.2699)
(560, 80.6344)
(561, 81.1333)
(562, 79.4161)
(563, 78.6615)
(564, 78.2788)
(565, 78.7065)
(566, 79.1248)
(567, 79.1334)
(568, 78.3507)
(569, 78.8647)
(570, 78.4709)
(571, 79.1281)
(572, 79.4168)
(573, 79.013)
(574, 79.9745)
(575, 78.78)
(576, 78.6438)
(577, 78.6309)
(578, 78.4726)
(579, 78.6251)
(580, 78.7423)
(581, 78.983)
(582, 79.4748)
(583, 79.4303)
(584, 79.1141)
(585, 78.7727)
(586, 78.6038)
(587, 78.6244)
(588, 79.1387)
(589, 79.3567)
(590, 78.726)
(591, 78.9966)
(592, 79.0741)
(593, 79.825)
(594, 80.1375)
(595, 80.2398)
(596, 80.1625)
(597, 79.9507)
(598, 79.8959)
(599, 80.0009)
(600, 80.272)
(601, 79.7526)
(602, 79.8052)
(603, 80.0767)
(604, 80.3962)
(605, 81.6003)
(606, 81.8556)
(607, 81.2857)
(608, 81.7278)
(609, 82.375)
(610, 82.0067)
(611, 81.6973)
(612, 82.1935)
(613, 81.7955)
(614, 81.8998)
(615, 82.5499)
(616, 82.6434)
(617, 82.1135)
(618, 82.4406)
(619, 81.6329)
(620, 81.6271)
(621, 82.166)
(622, 82.1723)
(623, 82.0792)
(624, 82.5351)
(625, 82.809)
(626, 82.2198)
(627, 83.1651)
(628, 83.4634)
(629, 83.5811)
(630, 83.277)
(631, 83.8204)
(632, 84.0951)
(633, 84.2298)
(634, 84.1929)
(635, 85.1138)
(636, 84.2149)
(637, 84.5285)
(638, 85.1227)
(639, 84.9239)
(640, 84.339)
(641, 85.3862)
(642, 84.6967)
(643, 85.466)
(644, 85.4187)
(645, 85.3541)
(646, 85.4926)
(647, 84.9883)
(648, 85.1653)
(649, 85.7017)
(650, 86.2425)
(651, 86.2847)
(652, 86.4666)
(653, 86.3432)
(654, 85.9848)
(655, 86.7362)
(656, 86.578)
(657, 86.2144)
(658, 85.4005)
(659, 85.0575)
(660, 83.8926)
(661, 84.209)
(662, 84.2147)
(663, 84.9836)
(664, 84.6876)
(665, 84.8689)
(666, 84.6834)
(667, 84.0104)
(668, 83.6234)
(669, 83.1948)
(670, 82.5892)
(671, 83.0765)
(672, 82.558)
(673, 83.4396)
(674, 83.905)
(675, 84.0114)
(676, 83.8321)
(677, 84.1097)
(678, 85.1189)
(679, 85.0362)
(680, 83.8951)
(681, 83.8644)
(682, 83.7061)
(683, 83.6844)
(684, 84.0548)
(685, 84.7326)
(686, 84.7902)
(687, 85.0988)
(688, 85.6203)
(689, 87.4152)
(690, 87.6879)
(691, 88.7201)
(692, 88.6166)
(693, 89.0128)
(694, 89.3639)
(695, 88.4932)
(696, 88.9712)
(697, 88.857)
(698, 89.7317)
(699, 89.6369)
(700, 90.456)
(701, 90.9062)
(702, 90.3072)
(703, 90.0142)
(704, 91.0512)
(705, 91.8556)
(706, 91.796)
(707, 91.0954)
(708, 91.1681)
(709, 91.0596)
(710, 91.3117)
(711, 92.679)
(712, 91.758)
(713, 91.906)
(714, 92.5409)
(715, 92.5388)
(716, 92.0236)
(717, 92.1442)
(718, 92.0686)
(719, 92.5554)
(720, 92.3177)
(721, 93.257)
(722, 93.552)
(723, 93.778)
(724, 93.8392)
(725, 94.5419)
(726, 93.7094)
(727, 94.7832)
(728, 95.6191)
(729, 94.8394)
(730, 94.3458)
(731, 94.7962)
(732, 94.8727)
(733, 94.8835)
(734, 95.0855)
(735, 94.5078)
(736, 94.4603)
(737, 94.3843)
(738, 94.8157)
(739, 94.0506)
(740, 94.1294)
(741, 95.1195)
(742, 95.2731)
(743, 95.2789)
(744, 95.3681)
(745, 94.8717)
(746, 93.8415)
(747, 93.4274)
(748, 93.2094)
(749, 94.479)
(750, 94.8659)
(751, 95.006)
(752, 94.9525)
(753, 95.7947)
(754, 95.1188)
(755, 95.7703)
(756, 96.0573)
(757, 94.9356)
(758, 94.9423)
(759, 94.6398)
(760, 95.5956)
(761, 95.1548)
(762, 94.3789)
(763, 95.0755)
(764, 93.8049)
(765, 93.5472)
(766, 92.2299)
(767, 93.2066)
(768, 93.2811)
(769, 92.5609)
(770, 91.2437)
(771, 91.1675)
(772, 90.7164)
(773, 92.2146)
(774, 91.5221)
(775, 90.8076)
(776, 90.6894)
(777, 90.6057)
(778, 91.0015)
(779, 91.5281)
(780, 90.7352)
(781, 90.9976)
(782, 90.5478)
(783, 90.0814)
(784, 89.7266)
(785, 90.228)
(786, 90.126)
(787, 90.4027)
(788, 90.1862)
(789, 90.4091)
(790, 90.6989)
(791, 90.6631)
(792, 90.8549)
(793, 90.4954)
(794, 89.7773)
(795, 90.4684)
(796, 90.5214)
(797, 90.7633)
(798, 91.0109)
(799, 91.5582)
(800, 90.8347)
(801, 90.1859)
(802, 90.3698)
(803, 90.5021)
(804, 91.2887)
(805, 90.6945)
(806, 90.5992)
(807, 90.6707)
(808, 91.3627)
(809, 91.1023)
(810, 91.5063)
(811, 90.8361)
(812, 91.3524)
(813, 91.0385)
(814, 90.3698)
(815, 90.6472)
(816, 89.9713)
(817, 89.244)
(818, 88.9626)
(819, 88.2775)
(820, 88.8532)
(821, 87.9466)
(822, 88.3793)
(823, 88.0837)
(824, 86.8394)
(825, 86.7553)
(826, 86.4973)
(827, 85.4665)
(828, 85.9955)
(829, 85.8479)
(830, 85.0091)
(831, 83.7694)
(832, 83.2022)
(833, 84.2315)
(834, 83.6536)
(835, 83.3286)
(836, 83.2842)
(837, 82.6357)
(838, 82.6965)
(839, 82.5375)
(840, 82.8874)
(841, 82.5078)
(842, 82.0739)
(843, 83.4926)
(844, 83.3021)
(845, 82.8081)
(846, 83.5246)
(847, 84.0028)
(848, 84.3019)
(849, 83.9325)
(850, 84.6245)
(851, 84.426)
(852, 84.4887)
(853, 85.1639)
(854, 85.3821)
(855, 84.8471)
(856, 84.5841)
(857, 84.3159)
(858, 84.102)
(859, 84.5769)
(860, 84.8416)
(861, 84.9339)
(862, 84.9232)
(863, 85.187)
(864, 85.1241)
(865, 84.7606)
(866, 84.6591)
(867, 83.9974)
(868, 84.0188)
(869, 83.6537)
(870, 83.5061)
(871, 83.5141)
(872, 83.4289)
(873, 83.5877)
(874, 84.0942)
(875, 83.5777)
(876, 83.0782)
(877, 82.5415)
(878, 83.4891)
(879, 83.7175)
(880, 84.0455)
(881, 83.8686)
(882, 83.6208)
(883, 84.3505)
(884, 84.8848)
(885, 85.2093)
(886, 84.5868)
(887, 84.8732)
(888, 84.9185)
(889, 85.8866)
(890, 85.8245)
(891, 85.635)
(892, 85.3417)
(893, 85.226)
(894, 85.0743)
(895, 84.6626)
(896, 84.8471)
(897, 84.8515)
(898, 84.7869)
(899, 85.9522)
(900, 85.8979)
(901, 85.3122)
(902, 86.282)
(903, 86.3591)
(904, 86.2505)
(905, 86.1798)
(906, 86.1208)
(907, 84.9886)
(908, 84.4029)
(909, 84.4651)
(910, 83.6855)
(911, 83.8669)
(912, 83.8983)
(913, 84.7362)
(914, 85.1548)
(915, 84.5379)
(916, 83.7401)
(917, 83.0903)
(918, 83.6104)
(919, 83.0666)
(920, 83.1682)
(921, 81.6589)
(922, 82.5303)
(923, 83.165)
(924, 82.9331)
(925, 83.2434)
(926, 83.5288)
(927, 83.353)
(928, 82.8345)
(929, 82.3694)
(930, 82.3629)
(931, 82.1237)
(932, 81.0753)
(933, 81.1819)
(934, 81.3998)
(935, 80.6956)
(936, 81.0216)
(937, 80.6782)
(938, 80.8256)
(939, 80.6683)
(940, 81.1299)
(941, 81.1478)
(942, 81.805)
(943, 81.2622)
(944, 81.1658)
(945, 81.3047)
(946, 80.6761)
(947, 81.2753)
(948, 81.8012)
(949, 81.8433)
(950, 82.0526)
(951, 81.8679)
(952, 81.3119)
(953, 81.5)
(954, 81.7003)
(955, 81.9637)
(956, 81.3553)
(957, 80.8393)
(958, 81.1398)
(959, 81.5255)
(960, 81.3735)
(961, 80.8873)
(962, 80.8887)
(963, 80.6419)
(964, 80.3488)
(965, 80.622)
(966, 80.8547)
(967, 80.7568)
(968, 80.3126)
(969, 80.3506)
(970, 80.418)
(971, 80.2391)
(972, 80.3053)
(973, 80.4919)
(974, 80.14)
(975, 80.2253)
(976, 79.9989)
(977, 79.8974)
(978, 79.5974)
(979, 79.3407)
(980, 79.2814)
(981, 79.2947)
(982, 79.0221)
(983, 78.9091)
(984, 78.0957)
(985, 77.8222)
(986, 78.0442)
(987, 78.1876)
(988, 78.2557)
(989, 77.7651)
(990, 77.2215)
(991, 77.4165)
(992, 77.395)
(993, 77.6739)
(994, 77.5952)
(995, 77.355)
(996, 77.4775)
(997, 77.2459)
(998, 77.2889)
(999, 77.7687)
(1000, 77.7652)
(1001, 78.2308)
(1002, 77.9525)
(1003, 78.1808)
(1004, 78.151)
(1005, 77.6922)
(1006, 76.5368)
(1007, 76.8521)
(1008, 76.6031)
(1009, 75.2478)
(1010, 75.1357)
(1011, 75.8442)
(1012, 75.9595)
(1013, 75.6469)
(1014, 74.5934)
(1015, 74.4418)
(1016, 74.5163)
(1017, 75.6283)
(1018, 75.8577)
(1019, 76.5707)
(1020, 75.622)
(1021, 75.688)
(1022, 75.2694)
(1023, 74.8899)
(1024, 75.0285)
(1025, 75.9015)
(1026, 74.9113)
(1027, 76.2144)
(1028, 75.2222)
(1029, 75.5844)
(1030, 75.2751)
(1031, 76.0292)
(1032, 75.7457)
(1033, 76.2761)
(1034, 75.7287)
(1035, 75.413)
(1036, 75.3769)
(1037, 74.8516)
(1038, 75.7818)
(1039, 75.6924)
(1040, 75.5951)
(1041, 75.6062)
(1042, 74.9424)
(1043, 76.055)
(1044, 75.7094)
(1045, 75.1737)
(1046, 75.4286)
(1047, 75.7074)
(1048, 75.7666)
(1049, 76.0573)
(1050, 76.3513)
(1051, 76.682)
(1052, 76.3183)
(1053, 75.9814)
(1054, 75.7127)
(1055, 75.7377)
(1056, 75.353)
(1057, 75.1413)
(1058, 74.9733)
(1059, 75.1526)
(1060, 75.6261)
(1061, 75.7864)
(1062, 75.0744)
(1063, 75.0749)
(1064, 75.5333)
(1065, 75.7569)
(1066, 75.3998)
(1067, 74.1949)
(1068, 73.7277)
(1069, 73.9339)
(1070, 73.1955)
(1071, 74.3923)
(1072, 74.4683)
(1073, 74.3821)
(1074, 73.7337)
(1075, 73.686)
(1076, 73.7025)
(1077, 73.8352)
(1078, 73.1088)
(1079, 73.5946)
(1080, 73.504)
(1081, 74.6605)
(1082, 74.0918)
(1083, 73.6226)
(1084, 73.5283)
(1085, 74.4922)
(1086, 73.9568)
(1087, 73.961)
(1088, 73.5522)
(1089, 73.4804)
(1090, 74.0692)
(1091, 74.4561)
(1092, 74.132)
(1093, 73.5495)
(1094, 73.0199)
(1095, 72.8064)
(1096, 72.3318)
(1097, 72.701)
(1098, 72.3095)
(1099, 73.0228)
(1100, 72.3308)
(1101, 72.6521)
(1102, 72.275)
(1103, 72.3345)
(1104, 72.6724)
(1105, 72.5143)
(1106, 72.5863)
(1107, 72.7183)
(1108, 72.1014)
(1109, 72.1188)
(1110, 71.7806)
(1111, 72.1963)
(1112, 72.4577)
(1113, 71.6913)
(1114, 71.692)
(1115, 71.6168)
(1116, 71.5971)
(1117, 71.2075)
(1118, 71.4622)
(1119, 71.369)
(1120, 71.3859)
(1121, 71.2245)
(1122, 70.2059)
(1123, 69.9332)
(1124, 69.6884)
(1125, 70.0872)
(1126, 69.8549)
(1127, 69.6454)
(1128, 68.5304)
(1129, 68.3048)
(1130, 68.2016)
(1131, 68.2107)
(1132, 68.032)
(1133, 68.3392)
(1134, 68.3643)
(1135, 67.8564)
(1136, 67.7711)
(1137, 68.0802)
(1138, 67.425)
(1139, 68.038)
(1140, 68.7885)
(1141, 68.7932)
(1142, 69.0967)
(1143, 68.693)
(1144, 69.3148)
(1145, 69.9621)
(1146, 69.431)
(1147, 69.5038)
(1148, 69.3933)
(1149, 69.3445)
(1150, 69.5292)
(1151, 69.3481)
(1152, 69.2197)
(1153, 68.6353)
(1154, 68.1772)
(1155, 67.6949)
(1156, 67.4185)
(1157, 66.4034)
(1158, 66.6683)
(1159, 67.3719)
(1160, 67.2156)
(1161, 66.842)
(1162, 66.3583)
(1163, 66.5415)
(1164, 66.153)
(1165, 65.885)
(1166, 65.523)
(1167, 66.2018)
(1168, 66.8094)
(1169, 66.9018)
(1170, 66.493)
(1171, 66.5323)
(1172, 66.5214)
(1173, 66.0621)
(1174, 66.0948)
(1175, 66.4421)
(1176, 66.1386)
(1177, 65.3528)
(1178, 66.0767)
(1179, 65.0266)
(1180, 64.8199)
(1181, 64.9627)
(1182, 65.2489)
(1183, 65.2225)
(1184, 65.3179)
(1185, 64.5432)
(1186, 64.5944)
(1187, 64.7481)
(1188, 65.3466)
(1189, 64.8976)
(1190, 64.756)
(1191, 64.5411)
(1192, 64.4913)
(1193, 64.1349)
(1194, 64.1756)
(1195, 64.2736)
(1196, 64.0684)
(1197, 64.1116)
(1198, 63.922)
(1199, 63.6087)
(1200, 63.9513)
(1201, 64.5713)
(1202, 64.3283)
(1203, 63.8482)
(1204, 63.7177)
(1205, 63.3786)
(1206, 63.809)
(1207, 63.8218)
(1208, 63.1596)
(1209, 62.1129)
(1210, 62.8853)
(1211, 62.3911)
(1212, 62.5577)
(1213, 62.7544)
(1214, 62.1046)
(1215, 62.1044)
(1216, 61.9539)
(1217, 62.1087)
(1218, 62.3517)
(1219, 62.8339)
(1220, 62.8082)
(1221, 62.1891)
(1222, 62.5208)
(1223, 62.8442)
(1224, 62.3684)
(1225, 62.5316)
(1226, 62.4978)
(1227, 62.492)
(1228, 61.7348)
(1229, 61.1543)
(1230, 60.975)
(1231, 60.6441)
(1232, 60.4676)
(1233, 60.4023)
(1234, 60.2309)
(1235, 60.2872)
(1236, 59.9485)
(1237, 59.6147)
(1238, 59.7322)
(1239, 59.4799)
(1240, 59.7294)
(1241, 59.4326)
(1242, 59.1893)
(1243, 59.5349)
(1244, 60.0476)
(1245, 59.8844)
(1246, 59.277)
(1247, 58.853)
(1248, 58.8041)
(1249, 58.6809)
(1250, 58.5844)
(1251, 58.0664)
(1252, 58.3756)
(1253, 57.8936)
(1254, 57.5925)
(1255, 57.8774)
(1256, 58.4631)
(1257, 58.387)
(1258, 58.4303)
(1259, 58.3496)
(1260, 58.5535)
(1261, 57.8654)
(1262, 57.4978)
(1263, 57.8778)
(1264, 58.3784)
(1265, 58.5583)
(1266, 58.7667)
(1267, 58.788)
(1268, 59.0475)
(1269, 58.8632)
(1270, 58.8136)
(1271, 59.0978)
(1272, 58.9156)
(1273, 58.0752)
(1274, 58.9484)
(1275, 58.667)
(1276, 58.2067)
(1277, 58.0763)
(1278, 58.3262)
(1279, 58.183)
(1280, 58.7524)
(1281, 59.2256)
(1282, 59.0953)
(1283, 59.0551)
(1284, 59.0661)
(1285, 58.7938)
(1286, 59.042)
(1287, 59.2402)
(1288, 59.3341)
(1289, 59.6579)
(1290, 59.8439)
(1291, 59.6026)
(1292, 59.0469)
(1293, 58.2173)
(1294, 58.3944)
(1295, 59.1493)
(1296, 59.1535)
(1297, 59.2133)
(1298, 58.5961)
(1299, 58.4497)
(1300, 58.1663)
(1301, 57.7288)
(1302, 57.8941)
(1303, 57.9505)
(1304, 57.9197)
(1305, 57.9319)
(1306, 58.0331)
(1307, 58.2734)
(1308, 58.6148)
(1309, 57.9464)
(1310, 57.8285)
(1311, 57.8916)
(1312, 58.4047)
(1313, 58.8781)
(1314, 58.673)
(1315, 58.5053)
(1316, 58.5484)
(1317, 59.1009)
(1318, 59.3136)
(1319, 59.568)
(1320, 58.9858)
(1321, 58.4439)
(1322, 58.5386)
(1323, 58.5309)
(1324, 58.7915)
(1325, 58.3103)
(1326, 57.4644)
(1327, 57.4491)
(1328, 57.0974)
(1329, 57.0264)
(1330, 57.282)
(1331, 57.1099)
(1332, 57.5476)
(1333, 57.4982)
(1334, 57.5701)
(1335, 57.5185)
(1336, 57.1693)
(1337, 56.6395)
(1338, 56.0633)
(1339, 55.6854)
(1340, 55.6558)
(1341, 55.5125)
(1342, 55.6507)
(1343, 55.3488)
(1344, 55.6932)
(1345, 55.4977)
(1346, 55.9623)
(1347, 56.0898)
(1348, 56.0489)
(1349, 56.0011)
(1350, 55.9396)
(1351, 55.9076)
(1352, 55.4204)
(1353, 55.7117)
(1354, 55.6062)
(1355, 55.7443)
(1356, 56.3865)
(1357, 55.9496)
(1358, 55.5844)
(1359, 55.5041)
(1360, 55.0437)
(1361, 55.0314)
(1362, 55.4808)
(1363, 55.4349)
(1364, 55.6253)
(1365, 55.7523)
(1366, 55.0994)
(1367, 54.9001)
(1368, 55.3637)
(1369, 55.3799)
(1370, 55.0876)
(1371, 55.4793)
(1372, 56.2848)
(1373, 56.1305)
(1374, 56.1038)
(1375, 56.0283)
(1376, 56.3393)
(1377, 55.9715)
(1378, 56.0294)
(1379, 55.6546)
(1380, 55.7806)
(1381, 55.523)
(1382, 55.3666)
(1383, 55.768)
(1384, 55.5812)
(1385, 55.8077)
(1386, 55.5507)
(1387, 55.6532)
(1388, 56.0865)
(1389, 56.1573)
(1390, 56.195)
(1391, 56.0528)
(1392, 55.919)
(1393, 55.807)
(1394, 56.1468)
(1395, 55.4089)
(1396, 55.9396)
(1397, 55.9605)
(1398, 56.2744)
(1399, 56.7649)
(1400, 56.6868)
(1401, 56.2105)
(1402, 56.1793)
(1403, 55.9227)
(1404, 56.2123)
(1405, 56.6915)
(1406, 57.2373)
(1407, 56.7466)
(1408, 56.9823)
(1409, 56.3836)
(1410, 56.0918)
(1411, 56.3675)
(1412, 56.9739)
(1413, 56.2588)
(1414, 56.5123)
(1415, 56.5118)
(1416, 56.6077)
(1417, 55.7904)
(1418, 56.2441)
(1419, 56.3812)
(1420, 56.1962)
(1421, 56.3064)
(1422, 56.5211)
(1423, 56.6755)
(1424, 56.5797)
(1425, 55.6801)
(1426, 54.9459)
(1427, 55.3338)
(1428, 55.4404)
(1429, 55.7333)
(1430, 55.9195)
(1431, 55.6809)
(1432, 55.3375)
(1433, 56.0818)
(1434, 55.865)
(1435, 55.5378)
(1436, 56.0024)
(1437, 56.1982)
(1438, 56.0006)
(1439, 56.1783)
(1440, 56.1861)
(1441, 56.0286)
(1442, 55.6756)
(1443, 55.3998)
(1444, 55.7017)
(1445, 55.5853)
(1446, 55.2136)
(1447, 55.9617)
(1448, 56.3116)
(1449, 56.1793)
(1450, 56.7925)
(1451, 57.2727)
(1452, 57.2153)
(1453, 57.1415)
(1454, 57.4263)
(1455, 57.4805)
(1456, 57.2206)
(1457, 56.6429)
(1458, 56.838)
(1459, 56.6187)
(1460, 56.6676)
(1461, 56.6139)
(1462, 56.0168)
(1463, 55.8273)
(1464, 55.3732)
(1465, 55.6679)
(1466, 55.045)
(1467, 55.0389)
(1468, 54.2985)
(1469, 54.1774)
(1470, 54.0679)
(1471, 53.8152)
(1472, 53.8986)
(1473, 54.2272)
(1474, 54.3724)
(1475, 54.5474)
(1476, 54.054)
(1477, 53.2422)
(1478, 52.5153)
(1479, 52.0585)
(1480, 52.2222)
(1481, 52.1872)
(1482, 51.8833)
(1483, 51.6133)
(1484, 51.8347)
(1485, 51.8681)
(1486, 51.776)
(1487, 52.0087)
(1488, 52.0445)
(1489, 52.0393)
(1490, 51.912)
(1491, 51.8702)
(1492, 51.3589)
(1493, 51.0189)
(1494, 51.4412)
(1495, 51.7469)
(1496, 52.1391)
(1497, 52.5122)
(1498, 52.5623)
(1499, 52.7049)
(1500, 52.6769)
(1501, 52.9786)
(1502, 52.9929)
(1503, 53.0893)
(1504, 53.2431)
(1505, 53.5011)
(1506, 53.6099)
(1507, 53.9486)
(1508, 54.0546)
(1509, 54.2576)
(1510, 54.1123)
(1511, 53.4141)
(1512, 53.7863)
(1513, 53.7649)
(1514, 53.3835)
(1515, 53.4582)
(1516, 53.1816)
(1517, 52.7485)
(1518, 52.979)
(1519, 52.9163)
(1520, 52.9476)
(1521, 52.4807)
(1522, 52.6337)
(1523, 52.4936)
(1524, 53.467)
(1525, 53.5174)
(1526, 52.8547)
(1527, 52.5601)
(1528, 51.8976)
(1529, 52.344)
(1530, 52.5845)
(1531, 52.329)
(1532, 52.2823)
(1533, 52.1267)
(1534, 52.3515)
(1535, 52.1182)
(1536, 51.5107)
(1537, 51.263)
(1538, 51.3657)
(1539, 51.4449)
(1540, 51.2079)
(1541, 51.0819)
(1542, 50.5915)
(1543, 50.879)
(1544, 51.3551)
(1545, 51.398)
(1546, 51.0084)
(1547, 50.7122)
(1548, 50.6937)
(1549, 51.2675)
(1550, 51.1057)
(1551, 51.219)
(1552, 51.3103)
(1553, 50.6517)
(1554, 50.5819)
(1555, 50.6303)
(1556, 51.2541)
(1557, 50.8286)
(1558, 51.6532)
(1559, 51.5796)
(1560, 51.5875)
(1561, 51.8415)
(1562, 51.9241)
(1563, 51.5314)
(1564, 51.3794)
(1565, 51.0795)
(1566, 51.3646)
(1567, 51.3474)
(1568, 51.4279)
(1569, 51.717)
(1570, 51.7042)
(1571, 51.5013)
(1572, 51.3457)
(1573, 51.0935)
(1574, 51.2155)
(1575, 50.473)
(1576, 50.5997)
(1577, 50.6142)
(1578, 50.9465)
(1579, 50.6619)
(1580, 51.0709)
(1581, 51.107)
(1582, 50.6089)
(1583, 50.9569)
(1584, 50.6088)
(1585, 50.7454)
(1586, 50.4596)
(1587, 50.4832)
(1588, 50.7339)
(1589, 50.4703)
(1590, 50.5561)
(1591, 50.2666)
(1592, 50.4206)
(1593, 50.5011)
(1594, 50.82)
(1595, 50.5827)
(1596, 50.1249)
(1597, 49.5518)
(1598, 49.922)
(1599, 50.1322)
(1600, 50.2066)
(1601, 50.4341)
(1602, 50.3293)
(1603, 49.9475)
(1604, 49.81)
(1605, 50.4993)
(1606, 50.737)
(1607, 50.4831)
(1608, 50.4891)
(1609, 50.5322)
(1610, 50.2072)
(1611, 50.0998)
(1612, 49.3814)
(1613, 49.1365)
(1614, 49.0225)
(1615, 49.3094)
(1616, 49.6222)
(1617, 49.4198)
(1618, 49.1685)
(1619, 49.182)
(1620, 49.3204)
(1621, 49.588)
(1622, 49.7714)
(1623, 50.1468)
(1624, 50.3554)
(1625, 50.9042)
(1626, 50.2925)
(1627, 50.3321)
(1628, 50.5473)
(1629, 50.4652)
(1630, 50.3838)
(1631, 50.3176)
(1632, 50.3466)
(1633, 50.2088)
(1634, 50.3553)
(1635, 50.4773)
(1636, 50.7786)
(1637, 50.5282)
(1638, 50.9033)
(1639, 51.1872)
(1640, 51.0935)
(1641, 51.549)
(1642, 51.275)
(1643, 51.0832)
(1644, 51.1398)
(1645, 50.8457)
(1646, 50.6685)
(1647, 50.4725)
(1648, 49.9956)
(1649, 50.1425)
(1650, 50.2524)
(1651, 50.4829)
(1652, 50.6399)
(1653, 50.391)
(1654, 50.1549)
(1655, 50.0307)
(1656, 50.1789)
(1657, 49.8691)
(1658, 49.9546)
(1659, 49.6307)
(1660, 49.7343)
(1661, 49.199)
(1662, 48.992)
(1663, 48.8199)
(1664, 48.4159)
(1665, 48.5343)
(1666, 48.7217)
(1667, 48.9068)
(1668, 49.0541)
(1669, 49.1784)
(1670, 49.4887)
(1671, 49.8629)
(1672, 49.9624)
(1673, 50.2352)
(1674, 49.6725)
(1675, 49.882)
(1676, 50.0197)
(1677, 50.2403)
(1678, 50.2965)
(1679, 49.8322)
(1680, 50.3073)
(1681, 50.9748)
(1682, 51.2612)
(1683, 51.9264)
(1684, 51.3332)
(1685, 51.2305)
(1686, 51.3604)
(1687, 51.4768)
(1688, 51.6354)
(1689, 51.8056)
(1690, 52.1782)
(1691, 51.847)
(1692, 51.7699)
(1693, 52.2396)
(1694, 52.8667)
(1695, 53.0651)
(1696, 52.9767)
(1697, 52.5206)
(1698, 51.7985)
(1699, 51.1752)
(1700, 50.7769)
(1701, 51.3439)
(1702, 51.875)
(1703, 51.7113)
(1704, 51.6702)
(1705, 51.4969)
(1706, 51.703)
(1707, 51.3943)
(1708, 51.4688)
(1709, 51.8479)
(1710, 51.4294)
(1711, 51.7785)
(1712, 51.9637)
(1713, 51.8284)
(1714, 51.986)
(1715, 52.8)
(1716, 53.0162)
(1717, 52.8127)
(1718, 51.914)
(1719, 51.6178)
(1720, 51.3663)
(1721, 51.3476)
(1722, 51.4982)
(1723, 51.2685)
(1724, 51.741)
(1725, 50.524)
(1726, 50.32)
(1727, 50.3881)
(1728, 50.2219)
(1729, 49.8633)
(1730, 49.7316)
(1731, 50.3002)
(1732, 50.146)
(1733, 50.3846)
(1734, 50.4669)
(1735, 50.1352)
(1736, 50.7437)
(1737, 50.2668)
(1738, 50.2357)
(1739, 50.0924)
(1740, 49.9607)
(1741, 50.112)
(1742, 50.5433)
(1743, 50.7101)
(1744, 50.4833)
(1745, 50.1415)
(1746, 50.5199)
(1747, 50.6765)
(1748, 50.8173)
(1749, 50.7251)
(1750, 50.2098)
(1751, 50.5558)
(1752, 49.8955)
(1753, 49.8057)
(1754, 50.2519)
(1755, 50.7928)
(1756, 50.6184)
(1757, 50.709)
(1758, 50.3518)
(1759, 50.0433)
(1760, 49.9338)
(1761, 49.9005)
(1762, 49.7875)
(1763, 49.6914)
(1764, 49.6246)
(1765, 50.2059)
(1766, 49.7457)
(1767, 50.1226)
(1768, 49.9128)
(1769, 50.1257)
(1770, 50.2149)
(1771, 49.9318)
(1772, 49.8869)
(1773, 50.2945)
(1774, 50.057)
(1775, 49.5575)
(1776, 49.6371)
(1777, 49.2079)
(1778, 49.2)
(1779, 49.0892)
(1780, 49.1346)
(1781, 48.7614)
(1782, 48.8635)
(1783, 49.0558)
(1784, 48.8326)
(1785, 48.956)
(1786, 49.1321)
(1787, 49.3093)
(1788, 49.4282)
(1789, 49.3926)
(1790, 49.3275)
(1791, 49.9176)
(1792, 49.8538)
(1793, 50.0024)
(1794, 50.7423)
(1795, 50.7165)
(1796, 49.8781)
(1797, 49.9848)
(1798, 50.0397)
(1799, 49.6434)
(1800, 49.6223)
(1801, 49.9459)
(1802, 49.7669)
(1803, 49.4564)
(1804, 49.1783)
(1805, 49.3523)
(1806, 49.6497)
(1807, 49.7774)
(1808, 49.9909)
(1809, 50.3821)
(1810, 50.1354)
(1811, 49.9055)
(1812, 49.9132)
(1813, 50.2419)
(1814, 50.1837)
(1815, 50.3432)
(1816, 50.3958)
(1817, 50.5654)
(1818, 50.7142)
(1819, 50.2698)
(1820, 50.4446)
(1821, 49.9043)
(1822, 49.9404)
(1823, 49.971)
(1824, 50.0427)
(1825, 49.8066)
(1826, 50.4703)
(1827, 50.2368)
(1828, 50.2559)
(1829, 50.5597)
(1830, 50.0698)
(1831, 49.669)
(1832, 49.4876)
(1833, 49.4987)
(1834, 49.6917)
(1835, 49.6011)
(1836, 49.1767)
(1837, 48.9843)
(1838, 49.0882)
(1839, 49.4274)
(1840, 49.8529)
(1841, 49.8155)
(1842, 50.2105)
(1843, 50.1294)
(1844, 49.7941)
(1845, 50.0788)
(1846, 50.0607)
(1847, 50.7167)
(1848, 51.0444)
(1849, 51.1128)
(1850, 50.4014)
(1851, 50.6799)
(1852, 50.451)
(1853, 50.4466)
(1854, 50.6433)
(1855, 50.5628)
(1856, 50.5221)
(1857, 50.0262)
(1858, 50.1332)
(1859, 50.5196)
(1860, 50.8481)
(1861, 51.1261)
(1862, 51.1873)
(1863, 51.3076)
(1864, 50.9388)
(1865, 51.0102)
(1866, 51.1924)
(1867, 50.8843)
(1868, 50.8707)
(1869, 50.9585)
(1870, 50.9803)
(1871, 50.9286)
(1872, 51.1892)
(1873, 51.068)
(1874, 51.6363)
(1875, 51.3906)
(1876, 51.4432)
(1877, 51.6756)
(1878, 52.0944)
(1879, 51.8406)
(1880, 51.9822)
(1881, 51.763)
(1882, 51.52)
(1883, 51.775)
(1884, 51.9592)
(1885, 52.1061)
(1886, 51.8713)
(1887, 51.8621)
(1888, 51.9587)
(1889, 51.5142)
(1890, 50.9117)
(1891, 50.7271)
(1892, 50.6724)
(1893, 51.2607)
(1894, 51.2816)
(1895, 51.2315)
(1896, 51.0779)
(1897, 50.2408)
(1898, 50.5162)
(1899, 50.6274)
(1900, 50.8498)
(1901, 50.9598)
(1902, 51.001)
(1903, 50.3541)
(1904, 50.3718)
(1905, 50.302)
(1906, 49.7776)
(1907, 50.0797)
(1908, 49.6334)
(1909, 49.7231)
(1910, 50.1004)
(1911, 50.0323)
(1912, 50.0376)
(1913, 50.2027)
(1914, 50.2021)
(1915, 50.2851)
(1916, 50.5228)
(1917, 50.5971)
(1918, 50.9535)
(1919, 50.8856)
(1920, 50.9375)
(1921, 50.8605)
(1922, 51.1243)
(1923, 50.7396)
(1924, 50.92)
(1925, 51.5375)
(1926, 51.4722)
(1927, 50.8752)
(1928, 50.848)
(1929, 50.6467)
(1930, 50.5962)
(1931, 50.307)
(1932, 50.0996)
(1933, 50.1368)
(1934, 49.9072)
(1935, 50.0176)
(1936, 50.1385)
(1937, 49.4445)
(1938, 48.6191)
(1939, 48.4272)
(1940, 48.5958)
(1941, 48.7751)
(1942, 48.7531)
(1943, 49.1111)
(1944, 48.681)
(1945, 48.4622)
(1946, 48.5246)
(1947, 48.1682)
(1948, 48.6243)
(1949, 48.4493)
(1950, 48.3884)
(1951, 48.0688)
(1952, 48.0971)
(1953, 48.3213)
(1954, 47.7355)
(1955, 47.9471)
(1956, 48.1469)
(1957, 48.1542)
(1958, 48.6581)
(1959, 48.7466)
(1960, 48.8383)
(1961, 49.0411)
(1962, 48.7555)
(1963, 48.3982)
(1964, 48.2593)
(1965, 48.2509)
(1966, 47.8074)
(1967, 47.6991)
(1968, 47.9215)
(1969, 47.8001)
(1970, 47.8314)
(1971, 47.8216)
(1972, 48.6343)
(1973, 48.439)
(1974, 48.4289)
(1975, 48.4141)
(1976, 48.0726)
(1977, 48.0627)
(1978, 48.4833)
(1979, 48.4462)
(1980, 48.0823)
(1981, 47.4284)
(1982, 47.1636)
(1983, 47.3109)
(1984, 47.3305)
(1985, 47.4591)
(1986, 46.9694)
(1987, 47.1019)
(1988, 47.1706)
(1989, 47.142)
(1990, 46.679)
(1991, 46.6481)
(1992, 46.4287)
(1993, 46.8475)
(1994, 46.8691)
(1995, 46.7857)
(1996, 46.7596)
(1997, 47.1205)
(1998, 46.823)
(1999, 46.6187)
(2000, 46.407)
(2001, 46.4043)
(2002, 45.9986)
(2003, 45.6616)
(2004, 46.1835)
(2005, 46.0403)
(2006, 46.2708)
(2007, 46.2309)
(2008, 46.3552)
(2009, 46.0366)
(2010, 46.0956)
(2011, 45.8808)
(2012, 46.3001)
(2013, 46.1697)
(2014, 46.634)
(2015, 46.8498)
(2016, 46.6814)
(2017, 46.2476)
(2018, 46.5538)
(2019, 46.5247)
(2020, 46.4236)
(2021, 46.1146)
(2022, 45.9192)
(2023, 45.7611)
(2024, 45.6205)
(2025, 45.8782)
(2026, 45.8086)
(2027, 45.4123)
(2028, 45.2072)
(2029, 45.1274)
(2030, 45.2674)
(2031, 45.6538)
(2032, 45.985)
(2033, 46.7751)
(2034, 46.4997)
(2035, 46.3848)
(2036, 46.1437)
(2037, 46.302)
(2038, 46.0535)
(2039, 45.6998)
(2040, 45.318)
(2041, 44.9059)
(2042, 44.8849)
(2043, 45.1693)
(2044, 45.135)
(2045, 45.4127)
(2046, 45.3703)
(2047, 45.6247)
(2048, 45.6933)
(2049, 45.4269)
(2050, 45.1304)
(2051, 45.0527)
(2052, 45.6125)
(2053, 45.9239)
(2054, 45.9191)
(2055, 45.698)
(2056, 45.8571)
(2057, 46.0007)
(2058, 46.2511)
(2059, 45.6739)
(2060, 45.4118)
(2061, 45.3776)
(2062, 45.5016)
(2063, 45.7661)
(2064, 45.5784)
(2065, 45.7416)
(2066, 46.0597)
(2067, 45.3261)
(2068, 45.3571)
(2069, 45.3372)
(2070, 45.609)
(2071, 45.6987)
(2072, 45.8321)
(2073, 45.949)
(2074, 46.1995)
(2075, 46.2685)
(2076, 46.6542)
(2077, 46.6957)
(2078, 47.0764)
(2079, 47.2793)
(2080, 47.5716)
(2081, 47.7206)
(2082, 47.5238)
(2083, 47.7476)
(2084, 47.8228)
(2085, 47.5909)
(2086, 47.9448)
(2087, 47.9511)
(2088, 47.5788)
(2089, 48.2243)
(2090, 48.4723)
(2091, 48.3313)
(2092, 48.1975)
(2093, 48.2125)
(2094, 48.2578)
(2095, 48.0158)
(2096, 47.8423)
(2097, 47.9435)
(2098, 47.6618)
(2099, 47.9977)
(2100, 47.8886)
(2101, 47.4707)
(2102, 47.4163)
(2103, 47.5208)
(2104, 47.9964)
(2105, 48.5457)
(2106, 48.9744)
(2107, 48.6488)
(2108, 48.3428)
(2109, 48.1808)
(2110, 48.0113)
(2111, 48.1756)
(2112, 48.2998)
(2113, 48.7563)
(2114, 48.1774)
(2115, 48.5682)
(2116, 48.7799)
(2117, 48.5129)
(2118, 48.8653)
(2119, 48.6628)
(2120, 48.0897)
(2121, 47.9259)
(2122, 48.1946)
(2123, 48.1349)
(2124, 48.1949)
(2125, 48.1549)
(2126, 48.4397)
(2127, 48.5344)
(2128, 48.3902)
(2129, 47.8284)
(2130, 48.0186)
(2131, 48.2064)
(2132, 48.4954)
(2133, 48.4819)
(2134, 48.6921)
(2135, 49.27)
(2136, 49.2884)
(2137, 49.744)
(2138, 49.5482)
(2139, 48.8305)
(2140, 49.5011)
(2141, 48.5956)
(2142, 48.4931)
(2143, 48.4616)
(2144, 48.6082)
(2145, 48.9828)
(2146, 48.9127)
(2147, 49.1328)
(2148, 48.975)
(2149, 48.7223)
(2150, 48.3885)
(2151, 48.1401)
(2152, 47.7701)
(2153, 48.3676)
(2154, 48.3836)
(2155, 48.8637)
(2156, 48.9592)
(2157, 48.8326)
(2158, 48.2412)
(2159, 47.9775)
(2160, 47.8762)
(2161, 47.3413)
(2162, 47.0398)
(2163, 47.259)
(2164, 47.6375)
(2165, 47.9844)
(2166, 48.3467)
(2167, 48.5547)
(2168, 47.9043)
(2169, 47.9622)
(2170, 48.0129)
(2171, 47.7928)
(2172, 47.3708)
(2173, 47.5162)
(2174, 47.0876)
(2175, 47.6786)
(2176, 47.591)
(2177, 47.9771)
(2178, 47.5535)
(2179, 47.9565)
(2180, 47.5844)
(2181, 48.5096)
(2182, 48.5696)
(2183, 48.384)
(2184, 48.0858)
(2185, 48.493)
(2186, 48.7974)
(2187, 49.0793)
(2188, 48.6957)
(2189, 48.2766)
(2190, 47.8394)
(2191, 47.4085)
(2192, 47.5254)
(2193, 47.9455)
(2194, 48.3743)
(2195, 48.1067)
(2196, 47.9708)
(2197, 47.9891)
(2198, 48.2098)
(2199, 48.1612)
(2200, 48.2617)
(2201, 48.1465)
(2202, 47.7312)
(2203, 48.1225)
(2204, 48.3127)
(2205, 47.9695)
(2206, 47.5277)
(2207, 47.789)
(2208, 48.3164)
(2209, 48.7776)
(2210, 49.0123)
(2211, 48.763)
(2212, 49.3154)
(2213, 49.4553)
(2214, 49.0233)
(2215, 49.7526)
(2216, 50.0301)
(2217, 50.1926)
(2218, 50.246)
(2219, 50.1533)
(2220, 49.7448)
(2221, 49.9213)
(2222, 50.4973)
(2223, 50.8101)
(2224, 50.5759)
(2225, 50.5557)
(2226, 50.6592)
(2227, 51.1386)
(2228, 51.2369)
(2229, 51.0234)
(2230, 51.4918)
(2231, 51.1861)
(2232, 51.2624)
(2233, 50.989)
(2234, 51.2999)
(2235, 50.7331)
(2236, 51.2635)
(2237, 51.4926)
(2238, 51.5855)
(2239, 51.639)
(2240, 51.8011)
(2241, 51.9064)
(2242, 52.2473)
(2243, 52.5192)
(2244, 53.0712)
(2245, 52.8538)
(2246, 53.2171)
(2247, 52.8628)
(2248, 52.7212)
(2249, 52.3455)
(2250, 52.822)
(2251, 52.7349)
(2252, 52.8019)
(2253, 52.6734)
(2254, 52.8535)
(2255, 53.2959)
(2256, 53.4297)
(2257, 53.6266)
(2258, 53.8447)
(2259, 53.6095)
(2260, 53.6185)
(2261, 53.8727)
(2262, 54.0698)
(2263, 53.8607)
(2264, 53.9416)
(2265, 53.5877)
(2266, 54.1088)
(2267, 54.2806)
(2268, 54.477)
(2269, 54.2881)
(2270, 54.2015)
(2271, 54.2915)
(2272, 54.0957)
(2273, 53.7019)
(2274, 53.488)
(2275, 53.6881)
(2276, 53.9268)
(2277, 54.6491)
(2278, 54.7929)
(2279, 54.6393)
(2280, 53.946)
(2281, 53.9127)
(2282, 54.1829)
(2283, 53.644)
(2284, 53.9615)
(2285, 53.9752)
(2286, 54.0229)
(2287, 54.156)
(2288, 54.3464)
(2289, 54.6801)
(2290, 54.7589)
(2291, 54.5087)
(2292, 54.763)
(2293, 54.8505)
(2294, 54.6427)
(2295, 54.3393)
(2296, 54.0039)
(2297, 53.4828)
(2298, 53.9788)
(2299, 53.528)
(2300, 53.3917)
(2301, 53.3692)
(2302, 53.2758)
(2303, 53.1165)
(2304, 52.9492)
(2305, 52.7278)
(2306, 52.6627)
(2307, 52.8654)
(2308, 53.3516)
(2309, 53.2146)
(2310, 52.9596)
(2311, 53.1777)
(2312, 53.3471)
(2313, 54.02)
(2314, 54.0795)
(2315, 53.6594)
(2316, 53.5713)
(2317, 54.1721)
(2318, 53.8672)
(2319, 53.1409)
(2320, 52.7753)
(2321, 53.309)
(2322, 53.793)
(2323, 53.7149)
(2324, 53.9056)
(2325, 53.1769)
(2326, 52.7564)
(2327, 53.4874)
(2328, 53.4244)
(2329, 53.3235)
(2330, 53.6921)
(2331, 54.3569)
(2332, 54.8574)
(2333, 55.076)
(2334, 55.2542)
(2335, 54.6731)
(2336, 54.3903)
(2337, 54.3395)
(2338, 54.4212)
(2339, 54.5981)
(2340, 54.9509)
(2341, 55.0958)
(2342, 54.7311)
(2343, 54.7776)
(2344, 55.1874)
(2345, 55.2389)
(2346, 54.7997)
(2347, 54.4685)
(2348, 54.4213)
(2349, 54.3844)
(2350, 55.0997)
(2351, 55.4203)
(2352, 55.4157)
(2353, 55.6729)
(2354, 55.5446)
(2355, 55.9779)
(2356, 56.0611)
(2357, 55.8208)
(2358, 55.6149)
(2359, 54.777)
(2360, 54.4016)
(2361, 54.7264)
(2362, 54.7625)
(2363, 54.3398)
(2364, 54.5108)
(2365, 54.4913)
(2366, 54.8175)
(2367, 55.2182)
(2368, 54.9812)
(2369, 54.9298)
(2370, 54.7522)
(2371, 54.8527)
(2372, 55.1997)
(2373, 54.7977)
(2374, 54.6716)
(2375, 54.2419)
(2376, 53.8186)
(2377, 54.2358)
(2378, 54.0669)
(2379, 53.9556)
(2380, 54.8181)
(2381, 54.1713)
(2382, 54.2906)
(2383, 54.4107)
(2384, 54.1711)
(2385, 53.8476)
(2386, 53.6183)
(2387, 53.9486)
(2388, 53.8503)
(2389, 53.7063)
(2390, 53.3881)
(2391, 53.4386)
(2392, 53.3899)
(2393, 53.4558)
(2394, 53.278)
(2395, 52.8447)
(2396, 52.7152)
(2397, 52.8716)
(2398, 53.4605)
(2399, 53.3422)
(2400, 53.5167)
(2401, 53.3271)
(2402, 53.3372)
(2403, 53.851)
(2404, 53.7252)
(2405, 53.5778)
(2406, 53.8414)
(2407, 53.458)
(2408, 53.7376)
(2409, 53.584)
(2410, 53.9198)
(2411, 53.8803)
(2412, 54.5113)
(2413, 54.6589)
(2414, 54.5539)
(2415, 54.5877)
(2416, 54.6014)
(2417, 54.2506)
(2418, 54.4717)
(2419, 54.5849)
(2420, 54.7999)
(2421, 54.6329)
(2422, 55.0023)
(2423, 54.9849)
(2424, 54.7136)
(2425, 54.7258)
(2426, 54.8294)
(2427, 54.673)
(2428, 54.5352)
(2429, 54.4532)
(2430, 54.4649)
(2431, 54.378)
(2432, 54.4941)
(2433, 54.1523)
(2434, 54.2817)
(2435, 54.2733)
(2436, 53.9107)
(2437, 54.3698)
(2438, 54.305)
(2439, 54.3572)
(2440, 54.1883)
(2441, 53.6058)
(2442, 53.5871)
(2443, 53.4141)
(2444, 53.8956)
(2445, 53.3667)
(2446, 53.0673)
(2447, 53.7153)
(2448, 53.3324)
(2449, 52.939)
(2450, 53.5912)
(2451, 53.6546)
(2452, 53.1772)
(2453, 53.089)
(2454, 53.0188)
(2455, 53.0962)
(2456, 53.3327)
(2457, 53.0541)
(2458, 52.4453)
(2459, 52.3951)
(2460, 52.1891)
(2461, 52.4213)
(2462, 52.533)
(2463, 52.9315)
(2464, 52.8202)
(2465, 52.6411)
(2466, 52.9921)
(2467, 52.9539)
(2468, 53.4362)
(2469, 52.8522)
(2470, 52.9326)
(2471, 53.0472)
(2472, 53.3012)
(2473, 53.9043)
(2474, 54.0451)
(2475, 53.8691)
(2476, 54.2794)
(2477, 54.3096)
(2478, 53.8859)
(2479, 54.0603)
(2480, 54.1165)
(2481, 54.7305)
(2482, 54.6333)
(2483, 53.818)
(2484, 53.9058)
(2485, 54.3178)
(2486, 54.6401)
(2487, 54.8821)
(2488, 54.8844)
(2489, 54.7589)
(2490, 54.6783)
(2491, 54.8821)
(2492, 54.9964)
(2493, 55.0643)
(2494, 55.3961)
(2495, 55.5733)
(2496, 55.6795)
(2497, 55.8214)
(2498, 55.8202)
(2499, 55.7487)
(2500, 55.3326)
(2501, 55.44)
(2502, 55.6508)
(2503, 55.6044)
(2504, 56.1138)
(2505, 56.4051)
(2506, 55.9453)
(2507, 55.7991)
(2508, 55.8125)
(2509, 55.7099)
(2510, 54.8494)
(2511, 54.7722)
(2512, 54.323)
(2513, 54.0535)
(2514, 54.1176)
(2515, 54.0398)
(2516, 53.6029)
(2517, 53.2198)
(2518, 53.0655)
(2519, 53.0967)
