(0, 0.0100014)
(1, 0.00990529)
(2, 0.00975389)
(3, 0.00979549)
(4, 0.00971936)
(5, 0.00969072)
(6, 0.00971806)
(7, 0.00975181)
(8, 0.00974657)
(9, 0.00974164)
(10, 0.00973652)
(11, 0.00977257)
(12, 0.0097676)
(13, 0.00978785)
(14, 0.00974853)
(15, 0.00971734)
(16, 0.00985731)
(17, 0.00982865)
(18, 0.00988881)
(19, 0.00979391)
(20, 0.00983912)
(21, 0.00985807)
(22, 0.00977679)
(23, 0.00989098)
(24, 0.00985075)
(25, 0.00993574)
(26, 0.00997556)
(27, 0.0100505)
(28, 0.00998855)
(29, 0.0100285)
(30, 0.0100968)
(31, 0.0101336)
(32, 0.0101695)
(33, 0.010094)
(34, 0.0101603)
(35, 0.0101019)
(36, 0.0101359)
(37, 0.0101055)
(38, 0.0101293)
(39, 0.0102109)
(40, 0.0102366)
(41, 0.0101121)
(42, 0.0101577)
(43, 0.0101284)
(44, 0.0101381)
(45, 0.0101044)
(46, 0.0100991)
(47, 0.0102182)
(48, 0.0103068)
(49, 0.0103882)
(50, 0.0103095)
(51, 0.0103689)
(52, 0.0103983)
(53, 0.0102445)
(54, 0.0102501)
(55, 0.0102494)
(56, 0.0102894)
(57, 0.0103197)
(58, 0.0103317)
(59, 0.0102361)
(60, 0.0102278)
(61, 0.0102229)
(62, 0.0101351)
(63, 0.0100681)
(64, 0.0102047)
(65, 0.0101892)
(66, 0.0101723)
(67, 0.0102088)
(68, 0.0101724)
(69, 0.0102193)
(70, 0.0103316)
(71, 0.0103294)
(72, 0.0101721)
(73, 0.0100084)
(74, 0.00994677)
(75, 0.00991135)
(76, 0.0100244)
(77, 0.0100706)
(78, 0.0101125)
(79, 0.0101723)
(80, 0.0102213)
(81, 0.010272)
(82, 0.0102777)
(83, 0.0103096)
(84, 0.0103135)
(85, 0.0102421)
(86, 0.0102062)
(87, 0.0101936)
(88, 0.0100008)
(89, 0.0099999)
(90, 0.0101004)
(91, 0.0100698)
(92, 0.0100929)
(93, 0.0101305)
(94, 0.010146)
(95, 0.0101387)
(96, 0.0100559)
(97, 0.0101206)
(98, 0.0100557)
(99, 0.0100993)
(100, 0.0101272)
(101, 0.0102064)
(102, 0.0102751)
(103, 0.0103096)
(104, 0.0102898)
(105, 0.010255)
(106, 0.0102878)
(107, 0.0103369)
(108, 0.0104026)
(109, 0.0103877)
(110, 0.0103731)
(111, 0.0102911)
(112, 0.0104235)
(113, 0.0103522)
(114, 0.0103214)
(115, 0.0103308)
(116, 0.0103431)
(117, 0.010366)
(118, 0.0103736)
(119, 0.010377)
(120, 0.010332)
(121, 0.0103095)
(122, 0.0103329)
(123, 0.0103635)
(124, 0.0104458)
(125, 0.0103701)
(126, 0.0104031)
(127, 0.010388)
(128, 0.010434)
(129, 0.0102663)
(130, 0.0102326)
(131, 0.0101976)
(132, 0.0101895)
(133, 0.0102653)
(134, 0.0102417)
(135, 0.0102006)
(136, 0.0101559)
(137, 0.0102225)
(138, 0.0102739)
(139, 0.0103014)
(140, 0.0102745)
(141, 0.0103073)
(142, 0.0101851)
(143, 0.0101244)
(144, 0.0101894)
(145, 0.0101842)
(146, 0.0102328)
(147, 0.0103358)
(148, 0.0104423)
(149, 0.0103723)
(150, 0.0103638)
(151, 0.010369)
(152, 0.0102693)
(153, 0.0102733)
(154, 0.0101534)
(155, 0.0102155)
(156, 0.0102187)
(157, 0.0102195)
(158, 0.0102688)
(159, 0.0103351)
(160, 0.0104032)
(161, 0.0103768)
(162, 0.010454)
(163, 0.0104295)
(164, 0.0103855)
(165, 0.0104387)
(166, 0.010357)
(167, 0.0102611)
(168, 0.0103536)
(169, 0.0104349)
(170, 0.0104103)
(171, 0.010407)
(172, 0.010392)
(173, 0.0104326)
(174, 0.0104267)
(175, 0.0105562)
(176, 0.0104457)
(177, 0.010392)
(178, 0.0103457)
(179, 0.0103966)
(180, 0.0105015)
(181, 0.0104414)
(182, 0.0103612)
(183, 0.0104571)
(184, 0.0104407)
(185, 0.0104234)
(186, 0.0104496)
(187, 0.0104829)
(188, 0.0105882)
(189, 0.0105259)
(190, 0.0106109)
(191, 0.0106807)
(192, 0.0106579)
(193, 0.0106099)
(194, 0.0105808)
(195, 0.0105423)
(196, 0.010602)
(197, 0.0106229)
(198, 0.0105554)
(199, 0.0106104)
(200, 0.0105614)
(201, 0.0105122)
(202, 0.0104743)
(203, 0.0104901)
(204, 0.0105696)
(205, 0.0104849)
(206, 0.0104825)
(207, 0.0105841)
(208, 0.0104149)
(209, 0.0103725)
(210, 0.0104216)
(211, 0.0104173)
(212, 0.0104016)
(213, 0.0103877)
(214, 0.0103029)
(215, 0.0103486)
(216, 0.0103488)
(217, 0.0103814)
(218, 0.0103003)
(219, 0.0102116)
(220, 0.0102888)
(221, 0.0103219)
(222, 0.0102419)
(223, 0.01011)
(224, 0.0101051)
(225, 0.0100248)
(226, 0.0100142)
(227, 0.0100179)
(228, 0.0099808)
(229, 0.00994132)
(230, 0.0099152)
(231, 0.00985982)
(232, 0.00991479)
(233, 0.00988771)
(234, 0.00983259)
(235, 0.00987467)
(236, 0.00979829)
(237, 0.00993403)
(238, 0.00989083)
(239, 0.00990086)
(240, 0.00988788)
(241, 0.00989843)
(242, 0.00992425)
(243, 0.00982273)
(244, 0.00995218)
(245, 0.0099502)
(246, 0.0099455)
(247, 0.00988605)
(248, 0.00999725)
(249, 0.00993555)
(250, 0.00995145)
(251, 0.0100161)
(252, 0.00999127)
(253, 0.00996291)
(254, 0.00995142)
(255, 0.00990544)
(256, 0.00998834)
(257, 0.00994316)
(258, 0.00992211)
(259, 0.00991789)
(260, 0.0099598)
(261, 0.00996323)
(262, 0.0100685)
(263, 0.0101093)
(264, 0.0101613)
(265, 0.0101597)
(266, 0.0102529)
(267, 0.0102273)
(268, 0.010198)
(269, 0.0101296)
(270, 0.0101501)
(271, 0.010135)
(272, 0.0101631)
(273, 0.0100479)
(274, 0.0100956)
(275, 0.0100022)
(276, 0.00999227)
(277, 0.00989247)
(278, 0.00989353)
(279, 0.0099071)
(280, 0.00985082)
(281, 0.00988165)
(282, 0.00981192)
(283, 0.0099134)
(284, 0.00996859)
(285, 0.00992215)
(286, 0.00998199)
(287, 0.00999667)
(288, 0.00994297)
(289, 0.0100113)
(290, 0.0100115)
(291, 0.0100191)
(292, 0.0100177)
(293, 0.00994735)
(294, 0.0100154)
(295, 0.00997826)
(296, 0.00993765)
(297, 0.0100105)
(298, 0.00988109)
(299, 0.00984651)
(300, 0.00976904)
(301, 0.00978473)
(302, 0.00971046)
(303, 0.00975387)
(304, 0.00968352)
(305, 0.00964314)
(306, 0.00965909)
(307, 0.00970762)
(308, 0.00971308)
(309, 0.00968888)
(310, 0.0096463)
(311, 0.00970745)
(312, 0.00968885)
(313, 0.00977642)
(314, 0.00984598)
(315, 0.00987952)
(316, 0.00999282)
(317, 0.00989836)
(318, 0.0098453)
(319, 0.00977675)
(320, 0.00975019)
(321, 0.00973524)
(322, 0.00971478)
(323, 0.00960545)
(324, 0.00960981)
(325, 0.00961096)
(326, 0.00958178)
(327, 0.00959966)
(328, 0.00962156)
(329, 0.00955702)
(330, 0.00944021)
(331, 0.0094654)
(332, 0.00945033)
(333, 0.00952026)
(334, 0.00951426)
(335, 0.00953065)
(336, 0.0095187)
(337, 0.0094594)
(338, 0.00946206)
(339, 0.0094578)
(340, 0.0094728)
(341, 0.00949829)
(342, 0.00949331)
(343, 0.00950673)
(344, 0.00949626)
(345, 0.00936133)
(346, 0.00934212)
(347, 0.00936397)
(348, 0.0093592)
(349, 0.00940429)
(350, 0.00943078)
(351, 0.00953587)
(352, 0.00950884)
(353, 0.00949768)
(354, 0.00938332)
(355, 0.00943336)
(356, 0.00947252)
(357, 0.00948287)
(358, 0.00952373)
(359, 0.00953978)
(360, 0.00959175)
(361, 0.00956883)
(362, 0.0096523)
(363, 0.00963679)
(364, 0.00970887)
(365, 0.00963044)
(366, 0.00957706)
(367, 0.00951953)
(368, 0.00945793)
(369, 0.00944254)
(370, 0.00946314)
(371, 0.00948932)
(372, 0.00953656)
(373, 0.00961741)
(374, 0.00968144)
(375, 0.00965282)
(376, 0.00964465)
(377, 0.00966134)
(378, 0.0096406)
(379, 0.00967432)
(380, 0.00969454)
(381, 0.00963343)
(382, 0.00972719)
(383, 0.00970206)
(384, 0.00967077)
(385, 0.00954149)
(386, 0.00958956)
(387, 0.00951967)
(388, 0.00952853)
(389, 0.0094943)
(390, 0.0094287)
(391, 0.00938197)
(392, 0.00941152)
(393, 0.00931416)
(394, 0.00933083)
(395, 0.00936039)
(396, 0.00928995)
(397, 0.00928703)
(398, 0.00926557)
(399, 0.00935931)
(400, 0.00930209)
(401, 0.0092493)
(402, 0.00930561)
(403, 0.00937292)
(404, 0.00934111)
(405, 0.00935798)
(406, 0.00937555)
(407, 0.0093094)
(408, 0.00929148)
(409, 0.00927237)
(410, 0.00921948)
(411, 0.00924343)
(412, 0.00922968)
(413, 0.00923671)
(414, 0.00931551)
(415, 0.00920046)
(416, 0.00925122)
(417, 0.00921767)
(418, 0.00920935)
(419, 0.00922974)
(420, 0.00924688)
(421, 0.00921958)
(422, 0.00917257)
(423, 0.00911502)
(424, 0.00909041)
(425, 0.00906877)
(426, 0.00914389)
(427, 0.00920585)
(428, 0.00924374)
(429, 0.00928146)
(430, 0.00926595)
(431, 0.00923651)
(432, 0.00924304)
(433, 0.00918463)
(434, 0.00918515)
(435, 0.00910645)
(436, 0.00910098)
(437, 0.00902318)
(438, 0.00890201)
(439, 0.00889999)
(440, 0.00890988)
(441, 0.00888271)
(442, 0.00880684)
(443, 0.00875492)
(444, 0.00873163)
(445, 0.0087675)
(446, 0.00875388)
(447, 0.00869673)
(448, 0.00870692)
(449, 0.00859408)
(450, 0.00858275)
(451, 0.00857562)
(452, 0.00855376)
(453, 0.00850021)
(454, 0.00848509)
(455, 0.00844805)
(456, 0.00839078)
(457, 0.00837571)
(458, 0.0083819)
(459, 0.00836465)
(460, 0.00844105)
(461, 0.00838143)
(462, 0.00847028)
(463, 0.00848085)
(464, 0.00850349)
(465, 0.00851573)
(466, 0.00854167)
(467, 0.00864363)
(468, 0.00853689)
(469, 0.00856226)
(470, 0.00862653)
(471, 0.00859193)
(472, 0.00857502)
(473, 0.00854594)
(474, 0.00856389)
(475, 0.00848094)
(476, 0.00846542)
(477, 0.00852297)
(478, 0.00847386)
(479, 0.00854143)
(480, 0.00853668)
(481, 0.00852412)
(482, 0.00848018)
(483, 0.00847527)
(484, 0.00855844)
(485, 0.00850644)
(486, 0.00854546)
(487, 0.00851607)
(488, 0.00863936)
(489, 0.00854863)
(490, 0.00848433)
(491, 0.00841693)
(492, 0.00855366)
(493, 0.00859861)
(494, 0.00854867)
(495, 0.00856086)
(496, 0.00857025)
(497, 0.00859644)
(498, 0.00855977)
(499, 0.00847202)
(500, 0.0084772)
(501, 0.00850892)
(502, 0.00843535)
(503, 0.00831505)
(504, 0.00837417)
(505, 0.00837721)
(506, 0.00839957)
(507, 0.00838794)
(508, 0.00833789)
(509, 0.00828336)
(510, 0.00829588)
(511, 0.0083864)
(512, 0.00842827)
(513, 0.00825882)
(514, 0.00824238)
(515, 0.00821285)
(516, 0.00826215)
(517, 0.00829892)
(518, 0.00839512)
(519, 0.00844342)
(520, 0.00834988)
(521, 0.00822216)
(522, 0.00819714)
(523, 0.00820466)
(524, 0.00817687)
(525, 0.00809869)
(526, 0.00810782)
(527, 0.0081442)
(528, 0.00816057)
(529, 0.00811884)
(530, 0.0080877)
(531, 0.00816209)
(532, 0.00817983)
(533, 0.0081977)
(534, 0.00818258)
(535, 0.00806281)
(536, 0.00793153)
(537, 0.00797242)
(538, 0.00798973)
(539, 0.0080648)
(540, 0.00805974)
(541, 0.00806868)
(542, 0.00811305)
(543, 0.00818037)
(544, 0.00811231)
(545, 0.00804599)
(546, 0.00797191)
(547, 0.0078952)
(548, 0.00798621)
(549, 0.00803628)
(550, 0.00802449)
(551, 0.00791323)
(552, 0.0079455)
(553, 0.00802078)
(554, 0.00799428)
(555, 0.00795452)
(556, 0.00802412)
(557, 0.00796017)
(558, 0.00802699)
(559, 0.00806344)
(560, 0.00811333)
(561, 0.00794161)
(562, 0.00786615)
(563, 0.00782789)
(564, 0.00787065)
(565, 0.00791248)
(566, 0.00791335)
(567, 0.00783507)
(568, 0.00788647)
(569, 0.00784709)
(570, 0.00791281)
(571, 0.00794168)
(572, 0.0079013)
(573, 0.00799745)
(574, 0.007878)
(575, 0.00786438)
(576, 0.00786309)
(577, 0.00784726)
(578, 0.00786251)
(579, 0.00787423)
(580, 0.00789831)
(581, 0.00794748)
(582, 0.00794303)
(583, 0.00791141)
(584, 0.00787727)
(585, 0.00786038)
(586, 0.00786244)
(587, 0.00791387)
(588, 0.00793567)
(589, 0.00787261)
(590, 0.00789966)
(591, 0.00790741)
(592, 0.0079825)
(593, 0.00801375)
(594, 0.00802398)
(595, 0.00801625)
(596, 0.00799507)
(597, 0.0079896)
(598, 0.00800009)
(599, 0.0080272)
(600, 0.00797526)
(601, 0.00798053)
(602, 0.00800768)
(603, 0.00803962)
(604, 0.00816003)
(605, 0.00818556)
(606, 0.00812857)
(607, 0.00817278)
(608, 0.0082375)
(609, 0.00820067)
(610, 0.00816973)
(611, 0.00821935)
(612, 0.00817955)
(613, 0.00818998)
(614, 0.00825499)
(615, 0.00826434)
(616, 0.00821135)
(617, 0.00824406)
(618, 0.00816329)
(619, 0.00816271)
(620, 0.00821661)
(621, 0.00821723)
(622, 0.00820792)
(623, 0.00825351)
(624, 0.0082809)
(625, 0.00822198)
(626, 0.00831651)
(627, 0.00834635)
(628, 0.00835811)
(629, 0.0083277)
(630, 0.00838204)
(631, 0.00840951)
(632, 0.00842298)
(633, 0.0084193)
(634, 0.00851138)
(635, 0.00842149)
(636, 0.00845286)
(637, 0.00851227)
(638, 0.0084924)
(639, 0.0084339)
(640, 0.00853863)
(641, 0.00846967)
(642, 0.0085466)
(643, 0.00854188)
(644, 0.00853541)
(645, 0.00854927)
(646, 0.00849884)
(647, 0.00851653)
(648, 0.00857017)
(649, 0.00862425)
(650, 0.00862847)
(651, 0.00864666)
(652, 0.00863432)
(653, 0.00859848)
(654, 0.00867362)
(655, 0.0086578)
(656, 0.00862145)
(657, 0.00854005)
(658, 0.00850575)
(659, 0.00838927)
(660, 0.0084209)
(661, 0.00842147)
(662, 0.00849836)
(663, 0.00846876)
(664, 0.00848689)
(665, 0.00846835)
(666, 0.00840105)
(667, 0.00836235)
(668, 0.00831949)
(669, 0.00825893)
(670, 0.00830765)
(671, 0.0082558)
(672, 0.00834396)
(673, 0.00839051)
(674, 0.00840115)
(675, 0.00838321)
(676, 0.00841097)
(677, 0.00851189)
(678, 0.00850363)
(679, 0.00838951)
(680, 0.00838644)
(681, 0.00837062)
(682, 0.00836844)
(683, 0.00840548)
(684, 0.00847326)
(685, 0.00847902)
(686, 0.00850988)
(687, 0.00856203)
(688, 0.00874152)
(689, 0.00876879)
(690, 0.00887201)
(691, 0.00886166)
(692, 0.00890128)
(693, 0.0089364)
(694, 0.00884933)
(695, 0.00889713)
(696, 0.0088857)
(697, 0.00897317)
(698, 0.00896369)
(699, 0.0090456)
(700, 0.00909062)
(701, 0.00903073)
(702, 0.00900142)
(703, 0.00910513)
(704, 0.00918556)
(705, 0.0091796)
(706, 0.00910954)
(707, 0.00911682)
(708, 0.00910597)
(709, 0.00913117)
(710, 0.0092679)
(711, 0.0091758)
(712, 0.0091906)
(713, 0.0092541)
(714, 0.00925388)
(715, 0.00920236)
(716, 0.00921442)
(717, 0.00920686)
(718, 0.00925554)
(719, 0.00923177)
(720, 0.0093257)
(721, 0.0093552)
(722, 0.00937781)
(723, 0.00938392)
(724, 0.00945419)
(725, 0.00937095)
(726, 0.00947832)
(727, 0.00956191)
(728, 0.00948394)
(729, 0.00943458)
(730, 0.00947963)
(731, 0.00948727)
(732, 0.00948835)
(733, 0.00950855)
(734, 0.00945079)
(735, 0.00944603)
(736, 0.00943843)
(737, 0.00948157)
(738, 0.00940507)
(739, 0.00941294)
(740, 0.00951195)
(741, 0.00952731)
(742, 0.00952789)
(743, 0.00953682)
(744, 0.00948717)
(745, 0.00938415)
(746, 0.00934274)
(747, 0.00932095)
(748, 0.0094479)
(749, 0.00948659)
(750, 0.0095006)
(751, 0.00949525)
(752, 0.00957947)
(753, 0.00951188)
(754, 0.00957703)
(755, 0.00960573)
(756, 0.00949356)
(757, 0.00949423)
(758, 0.00946398)
(759, 0.00955956)
(760, 0.00951548)
(761, 0.00943789)
(762, 0.00950755)
(763, 0.00938049)
(764, 0.00935473)
(765, 0.00922299)
(766, 0.00932066)
(767, 0.00932811)
(768, 0.0092561)
(769, 0.00912437)
(770, 0.00911675)
(771, 0.00907164)
(772, 0.00922146)
(773, 0.00915221)
(774, 0.00908076)
(775, 0.00906894)
(776, 0.00906057)
(777, 0.00910015)
(778, 0.00915281)
(779, 0.00907353)
(780, 0.00909976)
(781, 0.00905478)
(782, 0.00900814)
(783, 0.00897267)
(784, 0.0090228)
(785, 0.00901261)
(786, 0.00904027)
(787, 0.00901863)
(788, 0.00904091)
(789, 0.0090699)
(790, 0.00906631)
(791, 0.00908549)
(792, 0.00904954)
(793, 0.00897773)
(794, 0.00904685)
(795, 0.00905214)
(796, 0.00907634)
(797, 0.00910109)
(798, 0.00915582)
(799, 0.00908348)
(800, 0.00901859)
(801, 0.00903698)
(802, 0.00905021)
(803, 0.00912888)
(804, 0.00906945)
(805, 0.00905992)
(806, 0.00906707)
(807, 0.00913628)
(808, 0.00911023)
(809, 0.00915063)
(810, 0.00908361)
(811, 0.00913525)
(812, 0.00910385)
(813, 0.00903698)
(814, 0.00906472)
(815, 0.00899713)
(816, 0.0089244)
(817, 0.00889626)
(818, 0.00882775)
(819, 0.00888532)
(820, 0.00879466)
(821, 0.00883793)
(822, 0.00880837)
(823, 0.00868394)
(824, 0.00867553)
(825, 0.00864973)
(826, 0.00854665)
(827, 0.00859956)
(828, 0.00858479)
(829, 0.00850091)
(830, 0.00837695)
(831, 0.00832022)
(832, 0.00842315)
(833, 0.00836537)
(834, 0.00833286)
(835, 0.00832843)
(836, 0.00826357)
(837, 0.00826965)
(838, 0.00825375)
(839, 0.00828874)
(840, 0.00825078)
(841, 0.0082074)
(842, 0.00834927)
(843, 0.00833021)
(844, 0.00828081)
(845, 0.00835246)
(846, 0.00840029)
(847, 0.00843019)
(848, 0.00839325)
(849, 0.00846245)
(850, 0.0084426)
(851, 0.00844887)
(852, 0.00851639)
(853, 0.00853821)
(854, 0.00848471)
(855, 0.00845841)
(856, 0.0084316)
(857, 0.0084102)
(858, 0.00845769)
(859, 0.00848416)
(860, 0.00849339)
(861, 0.00849232)
(862, 0.00851871)
(863, 0.00851241)
(864, 0.00847607)
(865, 0.00846591)
(866, 0.00839974)
(867, 0.00840189)
(868, 0.00836537)
(869, 0.00835061)
(870, 0.00835141)
(871, 0.0083429)
(872, 0.00835877)
(873, 0.00840943)
(874, 0.00835777)
(875, 0.00830782)
(876, 0.00825415)
(877, 0.00834891)
(878, 0.00837175)
(879, 0.00840455)
(880, 0.00838686)
(881, 0.00836208)
(882, 0.00843505)
(883, 0.00848848)
(884, 0.00852094)
(885, 0.00845868)
(886, 0.00848733)
(887, 0.00849185)
(888, 0.00858866)
(889, 0.00858245)
(890, 0.0085635)
(891, 0.00853417)
(892, 0.0085226)
(893, 0.00850743)
(894, 0.00846627)
(895, 0.00848471)
(896, 0.00848515)
(897, 0.00847869)
(898, 0.00859523)
(899, 0.00858979)
(900, 0.00853122)
(901, 0.00862821)
(902, 0.00863591)
(903, 0.00862505)
(904, 0.00861798)
(905, 0.00861208)
(906, 0.00849886)
(907, 0.00844029)
(908, 0.00844651)
(909, 0.00836856)
(910, 0.00838669)
(911, 0.00838983)
(912, 0.00847362)
(913, 0.00851548)
(914, 0.0084538)
(915, 0.00837402)
(916, 0.00830903)
(917, 0.00836104)
(918, 0.00830666)
(919, 0.00831683)
(920, 0.0081659)
(921, 0.00825303)
(922, 0.0083165)
(923, 0.00829331)
(924, 0.00832434)
(925, 0.00835289)
(926, 0.0083353)
(927, 0.00828345)
(928, 0.00823694)
(929, 0.00823629)
(930, 0.00821237)
(931, 0.00810753)
(932, 0.00811819)
(933, 0.00813999)
(934, 0.00806956)
(935, 0.00810216)
(936, 0.00806782)
(937, 0.00808257)
(938, 0.00806684)
(939, 0.008113)
(940, 0.00811479)
(941, 0.0081805)
(942, 0.00812622)
(943, 0.00811658)
(944, 0.00813047)
(945, 0.00806762)
(946, 0.00812753)
(947, 0.00818012)
(948, 0.00818433)
(949, 0.00820527)
(950, 0.0081868)
(951, 0.00813119)
(952, 0.00815)
(953, 0.00817003)
(954, 0.00819637)
(955, 0.00813553)
(956, 0.00808393)
(957, 0.00811398)
(958, 0.00815255)
(959, 0.00813735)
(960, 0.00808873)
(961, 0.00808887)
(962, 0.0080642)
(963, 0.00803488)
(964, 0.0080622)
(965, 0.00808547)
(966, 0.00807568)
(967, 0.00803126)
(968, 0.00803506)
(969, 0.0080418)
(970, 0.00802392)
(971, 0.00803054)
(972, 0.00804919)
(973, 0.00801401)
(974, 0.00802253)
(975, 0.00799989)
(976, 0.00798974)
(977, 0.00795974)
(978, 0.00793407)
(979, 0.00792814)
(980, 0.00792947)
(981, 0.00790221)
(982, 0.00789092)
(983, 0.00780957)
(984, 0.00778223)
(985, 0.00780442)
(986, 0.00781876)
(987, 0.00782558)
(988, 0.00777652)
(989, 0.00772215)
(990, 0.00774165)
(991, 0.0077395)
(992, 0.00776739)
(993, 0.00775952)
(994, 0.0077355)
(995, 0.00774775)
(996, 0.00772459)
(997, 0.00772889)
(998, 0.00777687)
(999, 0.00777652)
(1000, 0.00782309)
(1001, 0.00779526)
(1002, 0.00781809)
(1003, 0.0078151)
(1004, 0.00776922)
(1005, 0.00765368)
(1006, 0.00768521)
(1007, 0.00766032)
(1008, 0.00752478)
(1009, 0.00751357)
(1010, 0.00758442)
(1011, 0.00759596)
(1012, 0.0075647)
(1013, 0.00745935)
(1014, 0.00744419)
(1015, 0.00745163)
(1016, 0.00756283)
(1017, 0.00758577)
(1018, 0.00765708)
(1019, 0.0075622)
(1020, 0.0075688)
(1021, 0.00752694)
(1022, 0.00748899)
(1023, 0.00750285)
(1024, 0.00759015)
(1025, 0.00749113)
(1026, 0.00762144)
(1027, 0.00752222)
(1028, 0.00755844)
(1029, 0.00752751)
(1030, 0.00760292)
(1031, 0.00757457)
(1032, 0.00762761)
(1033, 0.00757287)
(1034, 0.0075413)
(1035, 0.00753769)
(1036, 0.00748516)
(1037, 0.00757818)
(1038, 0.00756924)
(1039, 0.00755951)
(1040, 0.00756062)
(1041, 0.00749425)
(1042, 0.0076055)
(1043, 0.00757094)
(1044, 0.00751737)
(1045, 0.00754286)
(1046, 0.00757074)
(1047, 0.00757666)
(1048, 0.00760574)
(1049, 0.00763513)
(1050, 0.0076682)
(1051, 0.00763183)
(1052, 0.00759814)
(1053, 0.00757127)
(1054, 0.00757377)
(1055, 0.00753531)
(1056, 0.00751414)
(1057, 0.00749734)
(1058, 0.00751526)
(1059, 0.00756261)
(1060, 0.00757865)
(1061, 0.00750744)
(1062, 0.00750749)
(1063, 0.00755333)
(1064, 0.0075757)
(1065, 0.00753999)
(1066, 0.00741949)
(1067, 0.00737277)
(1068, 0.00739339)
(1069, 0.00731955)
(1070, 0.00743923)
(1071, 0.00744684)
(1072, 0.00743821)
(1073, 0.00737337)
(1074, 0.0073686)
(1075, 0.00737025)
(1076, 0.00738352)
(1077, 0.00731088)
(1078, 0.00735946)
(1079, 0.0073504)
(1080, 0.00746605)
(1081, 0.00740918)
(1082, 0.00736226)
(1083, 0.00735283)
(1084, 0.00744922)
(1085, 0.00739568)
(1086, 0.00739611)
(1087, 0.00735522)
(1088, 0.00734804)
(1089, 0.00740693)
(1090, 0.00744561)
(1091, 0.0074132)
(1092, 0.00735495)
(1093, 0.007302)
(1094, 0.00728064)
(1095, 0.00723318)
(1096, 0.0072701)
(1097, 0.00723095)
(1098, 0.00730228)
(1099, 0.00723308)
(1100, 0.00726521)
(1101, 0.0072275)
(1102, 0.00723345)
(1103, 0.00726724)
(1104, 0.00725143)
(1105, 0.00725863)
(1106, 0.00727183)
(1107, 0.00721014)
(1108, 0.00721188)
(1109, 0.00717806)
(1110, 0.00721964)
(1111, 0.00724578)
(1112, 0.00716913)
(1113, 0.0071692)
(1114, 0.00716168)
(1115, 0.00715971)
(1116, 0.00712075)
(1117, 0.00714623)
(1118, 0.0071369)
(1119, 0.00713859)
(1120, 0.00712245)
(1121, 0.0070206)
(1122, 0.00699332)
(1123, 0.00696884)
(1124, 0.00700872)
(1125, 0.0069855)
(1126, 0.00696454)
(1127, 0.00685304)
(1128, 0.00683048)
(1129, 0.00682017)
(1130, 0.00682108)
(1131, 0.00680321)
(1132, 0.00683393)
(1133, 0.00683643)
(1134, 0.00678564)
(1135, 0.00677712)
(1136, 0.00680802)
(1137, 0.00674251)
(1138, 0.00680381)
(1139, 0.00687885)
(1140, 0.00687932)
(1141, 0.00690967)
(1142, 0.0068693)
(1143, 0.00693148)
(1144, 0.00699621)
(1145, 0.0069431)
(1146, 0.00695038)
(1147, 0.00693934)
(1148, 0.00693445)
(1149, 0.00695293)
(1150, 0.00693481)
(1151, 0.00692197)
(1152, 0.00686353)
(1153, 0.00681772)
(1154, 0.00676949)
(1155, 0.00674185)
(1156, 0.00664035)
(1157, 0.00666683)
(1158, 0.00673719)
(1159, 0.00672156)
(1160, 0.0066842)
(1161, 0.00663583)
(1162, 0.00665415)
(1163, 0.00661531)
(1164, 0.00658851)
(1165, 0.0065523)
(1166, 0.00662018)
(1167, 0.00668094)
(1168, 0.00669019)
(1169, 0.00664931)
(1170, 0.00665323)
(1171, 0.00665215)
(1172, 0.00660621)
(1173, 0.00660948)
(1174, 0.00664421)
(1175, 0.00661387)
(1176, 0.00653528)
(1177, 0.00660767)
(1178, 0.00650266)
(1179, 0.00648199)
(1180, 0.00649628)
(1181, 0.00652489)
(1182, 0.00652225)
(1183, 0.00653179)
(1184, 0.00645432)
(1185, 0.00645944)
(1186, 0.00647481)
(1187, 0.00653466)
(1188, 0.00648976)
(1189, 0.0064756)
(1190, 0.00645411)
(1191, 0.00644913)
(1192, 0.00641349)
(1193, 0.00641756)
(1194, 0.00642737)
(1195, 0.00640685)
(1196, 0.00641116)
(1197, 0.0063922)
(1198, 0.00636087)
(1199, 0.00639513)
(1200, 0.00645714)
(1201, 0.00643284)
(1202, 0.00638482)
(1203, 0.00637177)
(1204, 0.00633787)
(1205, 0.0063809)
(1206, 0.00638218)
(1207, 0.00631596)
(1208, 0.00621129)
(1209, 0.00628853)
(1210, 0.00623911)
(1211, 0.00625577)
(1212, 0.00627545)
(1213, 0.00621046)
(1214, 0.00621044)
(1215, 0.0061954)
(1216, 0.00621088)
(1217, 0.00623518)
(1218, 0.00628339)
(1219, 0.00628082)
(1220, 0.00621891)
(1221, 0.00625209)
(1222, 0.00628442)
(1223, 0.00623685)
(1224, 0.00625317)
(1225, 0.00624978)
(1226, 0.0062492)
(1227, 0.00617348)
(1228, 0.00611543)
(1229, 0.0060975)
(1230, 0.00606441)
(1231, 0.00604676)
(1232, 0.00604023)
(1233, 0.00602309)
(1234, 0.00602872)
(1235, 0.00599485)
(1236, 0.00596148)
(1237, 0.00597322)
(1238, 0.00594799)
(1239, 0.00597294)
(1240, 0.00594326)
(1241, 0.00591894)
(1242, 0.00595349)
(1243, 0.00600476)
(1244, 0.00598844)
(1245, 0.0059277)
(1246, 0.0058853)
(1247, 0.00588041)
(1248, 0.00586809)
(1249, 0.00585844)
(1250, 0.00580664)
(1251, 0.00583756)
(1252, 0.00578937)
(1253, 0.00575925)
(1254, 0.00578774)
(1255, 0.00584631)
(1256, 0.0058387)
(1257, 0.00584303)
(1258, 0.00583496)
(1259, 0.00585535)
(1260, 0.00578655)
(1261, 0.00574978)
(1262, 0.00578779)
(1263, 0.00583784)
(1264, 0.00585583)
(1265, 0.00587667)
(1266, 0.0058788)
(1267, 0.00590476)
(1268, 0.00588632)
(1269, 0.00588137)
(1270, 0.00590978)
(1271, 0.00589156)
(1272, 0.00580752)
(1273, 0.00589484)
(1274, 0.0058667)
(1275, 0.00582067)
(1276, 0.00580763)
(1277, 0.00583263)
(1278, 0.00581831)
(1279, 0.00587525)
(1280, 0.00592256)
(1281, 0.00590954)
(1282, 0.00590552)
(1283, 0.00590661)
(1284, 0.00587938)
(1285, 0.00590421)
(1286, 0.00592402)
(1287, 0.00593341)
(1288, 0.00596579)
(1289, 0.00598439)
(1290, 0.00596026)
(1291, 0.0059047)
(1292, 0.00582173)
(1293, 0.00583945)
(1294, 0.00591494)
(1295, 0.00591535)
(1296, 0.00592133)
(1297, 0.00585961)
(1298, 0.00584497)
(1299, 0.00581663)
(1300, 0.00577288)
(1301, 0.00578941)
(1302, 0.00579505)
(1303, 0.00579197)
(1304, 0.00579319)
(1305, 0.00580331)
(1306, 0.00582735)
(1307, 0.00586148)
(1308, 0.00579464)
(1309, 0.00578285)
(1310, 0.00578916)
(1311, 0.00584047)
(1312, 0.00588781)
(1313, 0.00586731)
(1314, 0.00585053)
(1315, 0.00585484)
(1316, 0.00591009)
(1317, 0.00593136)
(1318, 0.0059568)
(1319, 0.00589858)
(1320, 0.00584439)
(1321, 0.00585386)
(1322, 0.0058531)
(1323, 0.00587915)
(1324, 0.00583103)
(1325, 0.00574644)
(1326, 0.00574491)
(1327, 0.00570974)
(1328, 0.00570265)
(1329, 0.0057282)
(1330, 0.005711)
(1331, 0.00575476)
(1332, 0.00574982)
(1333, 0.00575701)
(1334, 0.00575185)
(1335, 0.00571693)
(1336, 0.00566395)
(1337, 0.00560634)
(1338, 0.00556854)
(1339, 0.00556558)
(1340, 0.00555125)
(1341, 0.00556507)
(1342, 0.00553488)
(1343, 0.00556933)
(1344, 0.00554977)
(1345, 0.00559624)
(1346, 0.00560898)
(1347, 0.0056049)
(1348, 0.00560011)
(1349, 0.00559396)
(1350, 0.00559076)
(1351, 0.00554204)
(1352, 0.00557117)
(1353, 0.00556062)
(1354, 0.00557443)
(1355, 0.00563866)
(1356, 0.00559496)
(1357, 0.00555844)
(1358, 0.00555041)
(1359, 0.00550437)
(1360, 0.00550314)
(1361, 0.00554809)
(1362, 0.00554349)
(1363, 0.00556253)
(1364, 0.00557523)
(1365, 0.00550994)
(1366, 0.00549001)
(1367, 0.00553637)
(1368, 0.00553799)
(1369, 0.00550876)
(1370, 0.00554794)
(1371, 0.00562848)
(1372, 0.00561306)
(1373, 0.00561038)
(1374, 0.00560283)
(1375, 0.00563394)
(1376, 0.00559716)
(1377, 0.00560295)
(1378, 0.00556546)
(1379, 0.00557806)
(1380, 0.0055523)
(1381, 0.00553666)
(1382, 0.00557681)
(1383, 0.00555812)
(1384, 0.00558077)
(1385, 0.00555507)
(1386, 0.00556532)
(1387, 0.00560865)
(1388, 0.00561573)
(1389, 0.00561951)
(1390, 0.00560528)
(1391, 0.0055919)
(1392, 0.00558071)
(1393, 0.00561468)
(1394, 0.0055409)
(1395, 0.00559397)
(1396, 0.00559605)
(1397, 0.00562744)
(1398, 0.00567649)
(1399, 0.00566868)
(1400, 0.00562106)
(1401, 0.00561793)
(1402, 0.00559227)
(1403, 0.00562124)
(1404, 0.00566915)
(1405, 0.00572373)
(1406, 0.00567466)
(1407, 0.00569823)
(1408, 0.00563836)
(1409, 0.00560918)
(1410, 0.00563676)
(1411, 0.00569739)
(1412, 0.00562589)
(1413, 0.00565123)
(1414, 0.00565118)
(1415, 0.00566077)
(1416, 0.00557905)
(1417, 0.00562442)
(1418, 0.00563812)
(1419, 0.00561962)
(1420, 0.00563065)
(1421, 0.00565211)
(1422, 0.00566755)
(1423, 0.00565797)
(1424, 0.00556801)
(1425, 0.00549459)
(1426, 0.00553339)
(1427, 0.00554405)
(1428, 0.00557334)
(1429, 0.00559195)
(1430, 0.00556809)
(1431, 0.00553375)
(1432, 0.00560818)
(1433, 0.0055865)
(1434, 0.00555378)
(1435, 0.00560024)
(1436, 0.00561982)
(1437, 0.00560006)
(1438, 0.00561783)
(1439, 0.00561861)
(1440, 0.00560286)
(1441, 0.00556757)
(1442, 0.00553998)
(1443, 0.00557017)
(1444, 0.00555853)
(1445, 0.00552136)
(1446, 0.00559617)
(1447, 0.00563117)
(1448, 0.00561793)
(1449, 0.00567926)
(1450, 0.00572727)
(1451, 0.00572153)
(1452, 0.00571415)
(1453, 0.00574263)
(1454, 0.00574805)
(1455, 0.00572206)
(1456, 0.00566429)
(1457, 0.0056838)
(1458, 0.00566187)
(1459, 0.00566676)
(1460, 0.0056614)
(1461, 0.00560168)
(1462, 0.00558273)
(1463, 0.00553732)
(1464, 0.00556679)
(1465, 0.00550451)
(1466, 0.00550389)
(1467, 0.00542985)
(1468, 0.00541774)
(1469, 0.0054068)
(1470, 0.00538153)
(1471, 0.00538986)
(1472, 0.00542273)
(1473, 0.00543724)
(1474, 0.00545475)
(1475, 0.0054054)
(1476, 0.00532423)
(1477, 0.00525154)
(1478, 0.00520585)
(1479, 0.00522222)
(1480, 0.00521872)
(1481, 0.00518834)
(1482, 0.00516133)
(1483, 0.00518347)
(1484, 0.00518681)
(1485, 0.0051776)
(1486, 0.00520088)
(1487, 0.00520445)
(1488, 0.00520393)
(1489, 0.0051912)
(1490, 0.00518702)
(1491, 0.00513589)
(1492, 0.00510189)
(1493, 0.00514412)
(1494, 0.0051747)
(1495, 0.00521391)
(1496, 0.00525122)
(1497, 0.00525624)
(1498, 0.00527049)
(1499, 0.00526769)
(1500, 0.00529787)
(1501, 0.00529929)
(1502, 0.00530893)
(1503, 0.00532431)
(1504, 0.00535011)
(1505, 0.005361)
(1506, 0.00539486)
(1507, 0.00540546)
(1508, 0.00542576)
(1509, 0.00541123)
(1510, 0.00534141)
(1511, 0.00537864)
(1512, 0.00537649)
(1513, 0.00533836)
(1514, 0.00534582)
(1515, 0.00531816)
(1516, 0.00527485)
(1517, 0.0052979)
(1518, 0.00529163)
(1519, 0.00529476)
(1520, 0.00524807)
(1521, 0.00526337)
(1522, 0.00524937)
(1523, 0.0053467)
(1524, 0.00535174)
(1525, 0.00528547)
(1526, 0.00525602)
(1527, 0.00518976)
(1528, 0.0052344)
(1529, 0.00525845)
(1530, 0.0052329)
(1531, 0.00522823)
(1532, 0.00521267)
(1533, 0.00523516)
(1534, 0.00521182)
(1535, 0.00515107)
(1536, 0.00512631)
(1537, 0.00513657)
(1538, 0.00514449)
(1539, 0.00512079)
(1540, 0.00510819)
(1541, 0.00505915)
(1542, 0.0050879)
(1543, 0.00513551)
(1544, 0.0051398)
(1545, 0.00510084)
(1546, 0.00507122)
(1547, 0.00506938)
(1548, 0.00512675)
(1549, 0.00511057)
(1550, 0.0051219)
(1551, 0.00513104)
(1552, 0.00506517)
(1553, 0.00505819)
(1554, 0.00506304)
(1555, 0.00512541)
(1556, 0.00508286)
(1557, 0.00516532)
(1558, 0.00515796)
(1559, 0.00515875)
(1560, 0.00518415)
(1561, 0.00519241)
(1562, 0.00515315)
(1563, 0.00513794)
(1564, 0.00510795)
(1565, 0.00513646)
(1566, 0.00513474)
(1567, 0.00514279)
(1568, 0.0051717)
(1569, 0.00517042)
(1570, 0.00515013)
(1571, 0.00513458)
(1572, 0.00510936)
(1573, 0.00512155)
(1574, 0.0050473)
(1575, 0.00505998)
(1576, 0.00506142)
(1577, 0.00509465)
(1578, 0.00506619)
(1579, 0.0051071)
(1580, 0.0051107)
(1581, 0.00506089)
(1582, 0.0050957)
(1583, 0.00506089)
(1584, 0.00507455)
(1585, 0.00504596)
(1586, 0.00504832)
(1587, 0.00507339)
(1588, 0.00504703)
(1589, 0.00505562)
(1590, 0.00502666)
(1591, 0.00504207)
(1592, 0.00505011)
(1593, 0.00508201)
(1594, 0.00505828)
(1595, 0.0050125)
(1596, 0.00495518)
(1597, 0.0049922)
(1598, 0.00501322)
(1599, 0.00502066)
(1600, 0.00504341)
(1601, 0.00503293)
(1602, 0.00499475)
(1603, 0.004981)
(1604, 0.00504994)
(1605, 0.0050737)
(1606, 0.00504831)
(1607, 0.00504892)
(1608, 0.00505322)
(1609, 0.00502073)
(1610, 0.00500998)
(1611, 0.00493814)
(1612, 0.00491365)
(1613, 0.00490226)
(1614, 0.00493094)
(1615, 0.00496222)
(1616, 0.00494198)
(1617, 0.00491685)
(1618, 0.0049182)
(1619, 0.00493204)
(1620, 0.0049588)
(1621, 0.00497714)
(1622, 0.00501468)
(1623, 0.00503554)
(1624, 0.00509042)
(1625, 0.00502926)
(1626, 0.00503321)
(1627, 0.00505473)
(1628, 0.00504652)
(1629, 0.00503838)
(1630, 0.00503176)
(1631, 0.00503466)
(1632, 0.00502089)
(1633, 0.00503554)
(1634, 0.00504774)
(1635, 0.00507786)
(1636, 0.00505282)
(1637, 0.00509033)
(1638, 0.00511872)
(1639, 0.00510935)
(1640, 0.00515491)
(1641, 0.0051275)
(1642, 0.00510832)
(1643, 0.00511398)
(1644, 0.00508457)
(1645, 0.00506685)
(1646, 0.00504725)
(1647, 0.00499956)
(1648, 0.00501425)
(1649, 0.00502524)
(1650, 0.00504829)
(1651, 0.00506399)
(1652, 0.0050391)
(1653, 0.00501549)
(1654, 0.00500308)
(1655, 0.0050179)
(1656, 0.00498691)
(1657, 0.00499546)
(1658, 0.00496307)
(1659, 0.00497344)
(1660, 0.00491991)
(1661, 0.0048992)
(1662, 0.00488199)
(1663, 0.00484159)
(1664, 0.00485343)
(1665, 0.00487218)
(1666, 0.00489069)
(1667, 0.00490541)
(1668, 0.00491785)
(1669, 0.00494887)
(1670, 0.00498629)
(1671, 0.00499624)
(1672, 0.00502352)
(1673, 0.00496725)
(1674, 0.0049882)
(1675, 0.00500197)
(1676, 0.00502403)
(1677, 0.00502965)
(1678, 0.00498322)
(1679, 0.00503073)
(1680, 0.00509748)
(1681, 0.00512612)
(1682, 0.00519264)
(1683, 0.00513332)
(1684, 0.00512305)
(1685, 0.00513604)
(1686, 0.00514768)
(1687, 0.00516355)
(1688, 0.00518056)
(1689, 0.00521782)
(1690, 0.0051847)
(1691, 0.00517699)
(1692, 0.00522396)
(1693, 0.00528667)
(1694, 0.00530651)
(1695, 0.00529767)
(1696, 0.00525206)
(1697, 0.00517985)
(1698, 0.00511752)
(1699, 0.00507769)
(1700, 0.00513439)
(1701, 0.0051875)
(1702, 0.00517113)
(1703, 0.00516703)
(1704, 0.00514969)
(1705, 0.0051703)
(1706, 0.00513944)
(1707, 0.00514689)
(1708, 0.00518479)
(1709, 0.00514294)
(1710, 0.00517786)
(1711, 0.00519637)
(1712, 0.00518284)
(1713, 0.0051986)
(1714, 0.00528)
(1715, 0.00530163)
(1716, 0.00528128)
(1717, 0.0051914)
(1718, 0.00516178)
(1719, 0.00513663)
(1720, 0.00513476)
(1721, 0.00514982)
(1722, 0.00512686)
(1723, 0.0051741)
(1724, 0.0050524)
(1725, 0.00503201)
(1726, 0.00503881)
(1727, 0.00502219)
(1728, 0.00498633)
(1729, 0.00497317)
(1730, 0.00503003)
(1731, 0.00501461)
(1732, 0.00503846)
(1733, 0.0050467)
(1734, 0.00501352)
(1735, 0.00507437)
(1736, 0.00502668)
(1737, 0.00502357)
(1738, 0.00500924)
(1739, 0.00499607)
(1740, 0.0050112)
(1741, 0.00505433)
(1742, 0.00507101)
(1743, 0.00504833)
(1744, 0.00501415)
(1745, 0.005052)
(1746, 0.00506765)
(1747, 0.00508173)
(1748, 0.00507251)
(1749, 0.00502098)
(1750, 0.00505558)
(1751, 0.00498955)
(1752, 0.00498057)
(1753, 0.0050252)
(1754, 0.00507928)
(1755, 0.00506184)
(1756, 0.0050709)
(1757, 0.00503518)
(1758, 0.00500433)
(1759, 0.00499338)
(1760, 0.00499006)
(1761, 0.00497876)
(1762, 0.00496915)
(1763, 0.00496247)
(1764, 0.00502059)
(1765, 0.00497457)
(1766, 0.00501227)
(1767, 0.00499128)
(1768, 0.00501258)
(1769, 0.00502149)
(1770, 0.00499318)
(1771, 0.00498869)
(1772, 0.00502945)
(1773, 0.0050057)
(1774, 0.00495575)
(1775, 0.00496371)
(1776, 0.0049208)
(1777, 0.00492)
(1778, 0.00490892)
(1779, 0.00491346)
(1780, 0.00487615)
(1781, 0.00488635)
(1782, 0.00490558)
(1783, 0.00488326)
(1784, 0.0048956)
(1785, 0.00491321)
(1786, 0.00493093)
(1787, 0.00494282)
(1788, 0.00493926)
(1789, 0.00493275)
(1790, 0.00499176)
(1791, 0.00498538)
(1792, 0.00500025)
(1793, 0.00507423)
(1794, 0.00507166)
(1795, 0.00498781)
(1796, 0.00499848)
(1797, 0.00500397)
(1798, 0.00496434)
(1799, 0.00496223)
(1800, 0.00499459)
(1801, 0.0049767)
(1802, 0.00494564)
(1803, 0.00491783)
(1804, 0.00493523)
(1805, 0.00496497)
(1806, 0.00497774)
(1807, 0.00499909)
(1808, 0.00503822)
(1809, 0.00501354)
(1810, 0.00499055)
(1811, 0.00499132)
(1812, 0.00502419)
(1813, 0.00501837)
(1814, 0.00503433)
(1815, 0.00503958)
(1816, 0.00505655)
(1817, 0.00507143)
(1818, 0.00502698)
(1819, 0.00504446)
(1820, 0.00499043)
(1821, 0.00499404)
(1822, 0.0049971)
(1823, 0.00500427)
(1824, 0.00498066)
(1825, 0.00504703)
(1826, 0.00502369)
(1827, 0.00502559)
(1828, 0.00505597)
(1829, 0.00500698)
(1830, 0.0049669)
(1831, 0.00494876)
(1832, 0.00494987)
(1833, 0.00496917)
(1834, 0.00496011)
(1835, 0.00491767)
(1836, 0.00489844)
(1837, 0.00490882)
(1838, 0.00494274)
(1839, 0.00498529)
(1840, 0.00498156)
(1841, 0.00502105)
(1842, 0.00501294)
(1843, 0.00497941)
(1844, 0.00500788)
(1845, 0.00500607)
(1846, 0.00507168)
(1847, 0.00510444)
(1848, 0.00511128)
(1849, 0.00504014)
(1850, 0.00506799)
(1851, 0.0050451)
(1852, 0.00504466)
(1853, 0.00506433)
(1854, 0.00505629)
(1855, 0.00505221)
(1856, 0.00500262)
(1857, 0.00501333)
(1858, 0.00505196)
(1859, 0.00508482)
(1860, 0.00511261)
(1861, 0.00511873)
(1862, 0.00513077)
(1863, 0.00509388)
(1864, 0.00510102)
(1865, 0.00511924)
(1866, 0.00508843)
(1867, 0.00508707)
(1868, 0.00509586)
(1869, 0.00509803)
(1870, 0.00509286)
(1871, 0.00511892)
(1872, 0.0051068)
(1873, 0.00516363)
(1874, 0.00513906)
(1875, 0.00514432)
(1876, 0.00516756)
(1877, 0.00520944)
(1878, 0.00518406)
(1879, 0.00519822)
(1880, 0.0051763)
(1881, 0.00515201)
(1882, 0.0051775)
(1883, 0.00519592)
(1884, 0.00521061)
(1885, 0.00518714)
(1886, 0.00518621)
(1887, 0.00519587)
(1888, 0.00515142)
(1889, 0.00509117)
(1890, 0.00507271)
(1891, 0.00506724)
(1892, 0.00512607)
(1893, 0.00512817)
(1894, 0.00512315)
(1895, 0.00510779)
(1896, 0.00502408)
(1897, 0.00505162)
(1898, 0.00506274)
(1899, 0.00508498)
(1900, 0.00509598)
(1901, 0.0051001)
(1902, 0.00503542)
(1903, 0.00503718)
(1904, 0.0050302)
(1905, 0.00497777)
(1906, 0.00500797)
(1907, 0.00496334)
(1908, 0.00497231)
(1909, 0.00501004)
(1910, 0.00500324)
(1911, 0.00500376)
(1912, 0.00502028)
(1913, 0.00502021)
(1914, 0.00502851)
(1915, 0.00505228)
(1916, 0.00505971)
(1917, 0.00509535)
(1918, 0.00508856)
(1919, 0.00509375)
(1920, 0.00508605)
(1921, 0.00511243)
(1922, 0.00507396)
(1923, 0.005092)
(1924, 0.00515375)
(1925, 0.00514722)
(1926, 0.00508752)
(1927, 0.0050848)
(1928, 0.00506467)
(1929, 0.00505962)
(1930, 0.0050307)
(1931, 0.00500996)
(1932, 0.00501369)
(1933, 0.00499072)
(1934, 0.00500176)
(1935, 0.00501385)
(1936, 0.00494445)
(1937, 0.00486191)
(1938, 0.00484272)
(1939, 0.00485958)
(1940, 0.00487751)
(1941, 0.00487531)
(1942, 0.00491112)
(1943, 0.00486811)
(1944, 0.00484622)
(1945, 0.00485247)
(1946, 0.00481682)
(1947, 0.00486243)
(1948, 0.00484494)
(1949, 0.00483884)
(1950, 0.00480688)
(1951, 0.00480971)
(1952, 0.00483213)
(1953, 0.00477355)
(1954, 0.00479471)
(1955, 0.00481469)
(1956, 0.00481543)
(1957, 0.00486581)
(1958, 0.00487467)
(1959, 0.00488383)
(1960, 0.00490411)
(1961, 0.00487555)
(1962, 0.00483982)
(1963, 0.00482593)
(1964, 0.00482509)
(1965, 0.00478074)
(1966, 0.00476991)
(1967, 0.00479215)
(1968, 0.00478001)
(1969, 0.00478314)
(1970, 0.00478216)
(1971, 0.00486343)
(1972, 0.0048439)
(1973, 0.00484289)
(1974, 0.00484141)
(1975, 0.00480726)
(1976, 0.00480627)
(1977, 0.00484833)
(1978, 0.00484462)
(1979, 0.00480823)
(1980, 0.00474285)
(1981, 0.00471637)
(1982, 0.00473109)
(1983, 0.00473305)
(1984, 0.00474592)
(1985, 0.00469694)
(1986, 0.00471019)
(1987, 0.00471707)
(1988, 0.0047142)
(1989, 0.0046679)
(1990, 0.00466481)
(1991, 0.00464287)
(1992, 0.00468476)
(1993, 0.00468691)
(1994, 0.00467857)
(1995, 0.00467596)
(1996, 0.00471206)
(1997, 0.00468231)
(1998, 0.00466188)
(1999, 0.0046407)
(2000, 0.00464044)
(2001, 0.00459986)
(2002, 0.00456616)
(2003, 0.00461835)
(2004, 0.00460403)
(2005, 0.00462708)
(2006, 0.00462309)
(2007, 0.00463552)
(2008, 0.00460367)
(2009, 0.00460957)
(2010, 0.00458808)
(2011, 0.00463001)
(2012, 0.00461697)
(2013, 0.0046634)
(2014, 0.00468498)
(2015, 0.00466814)
(2016, 0.00462477)
(2017, 0.00465538)
(2018, 0.00465247)
(2019, 0.00464237)
(2020, 0.00461146)
(2021, 0.00459192)
(2022, 0.00457611)
(2023, 0.00456205)
(2024, 0.00458782)
(2025, 0.00458086)
(2026, 0.00454123)
(2027, 0.00452073)
(2028, 0.00451275)
(2029, 0.00452675)
(2030, 0.00456538)
(2031, 0.0045985)
(2032, 0.00467751)
(2033, 0.00464998)
(2034, 0.00463848)
(2035, 0.00461438)
(2036, 0.0046302)
(2037, 0.00460535)
(2038, 0.00456998)
(2039, 0.0045318)
(2040, 0.00449059)
(2041, 0.0044885)
(2042, 0.00451693)
(2043, 0.00451351)
(2044, 0.00454127)
(2045, 0.00453703)
(2046, 0.00456247)
(2047, 0.00456933)
(2048, 0.00454269)
(2049, 0.00451304)
(2050, 0.00450527)
(2051, 0.00456125)
(2052, 0.00459239)
(2053, 0.00459191)
(2054, 0.0045698)
(2055, 0.00458572)
(2056, 0.00460007)
(2057, 0.00462511)
(2058, 0.00456739)
(2059, 0.00454118)
(2060, 0.00453776)
(2061, 0.00455016)
(2062, 0.00457661)
(2063, 0.00455784)
(2064, 0.00457416)
(2065, 0.00460597)
(2066, 0.00453261)
(2067, 0.00453571)
(2068, 0.00453373)
(2069, 0.0045609)
(2070, 0.00456987)
(2071, 0.00458321)
(2072, 0.0045949)
(2073, 0.00461995)
(2074, 0.00462685)
(2075, 0.00466542)
(2076, 0.00466957)
(2077, 0.00470765)
(2078, 0.00472793)
(2079, 0.00475716)
(2080, 0.00477206)
(2081, 0.00475239)
(2082, 0.00477477)
(2083, 0.00478228)
(2084, 0.00475909)
(2085, 0.00479449)
(2086, 0.00479511)
(2087, 0.00475788)
(2088, 0.00482243)
(2089, 0.00484723)
(2090, 0.00483314)
(2091, 0.00481975)
(2092, 0.00482125)
(2093, 0.00482578)
(2094, 0.00480159)
(2095, 0.00478424)
(2096, 0.00479435)
(2097, 0.00476618)
(2098, 0.00479977)
(2099, 0.00478887)
(2100, 0.00474707)
(2101, 0.00474163)
(2102, 0.00475208)
(2103, 0.00479965)
(2104, 0.00485457)
(2105, 0.00489744)
(2106, 0.00486488)
(2107, 0.00483429)
(2108, 0.00481808)
(2109, 0.00480113)
(2110, 0.00481756)
(2111, 0.00482998)
(2112, 0.00487563)
(2113, 0.00481774)
(2114, 0.00485682)
(2115, 0.00487799)
(2116, 0.00485129)
(2117, 0.00488653)
(2118, 0.00486628)
(2119, 0.00480897)
(2120, 0.00479259)
(2121, 0.00481946)
(2122, 0.00481349)
(2123, 0.00481949)
(2124, 0.00481549)
(2125, 0.00484397)
(2126, 0.00485344)
(2127, 0.00483902)
(2128, 0.00478284)
(2129, 0.00480186)
(2130, 0.00482064)
(2131, 0.00484954)
(2132, 0.00484819)
(2133, 0.00486921)
(2134, 0.00492701)
(2135, 0.00492885)
(2136, 0.0049744)
(2137, 0.00495482)
(2138, 0.00488305)
(2139, 0.00495011)
(2140, 0.00485957)
(2141, 0.00484932)
(2142, 0.00484617)
(2143, 0.00486082)
(2144, 0.00489828)
(2145, 0.00489128)
(2146, 0.00491329)
(2147, 0.0048975)
(2148, 0.00487224)
(2149, 0.00483885)
(2150, 0.00481402)
(2151, 0.00477701)
(2152, 0.00483676)
(2153, 0.00483836)
(2154, 0.00488637)
(2155, 0.00489592)
(2156, 0.00488326)
(2157, 0.00482413)
(2158, 0.00479776)
(2159, 0.00478763)
(2160, 0.00473413)
(2161, 0.00470398)
(2162, 0.00472591)
(2163, 0.00476376)
(2164, 0.00479845)
(2165, 0.00483468)
(2166, 0.00485548)
(2167, 0.00479043)
(2168, 0.00479623)
(2169, 0.0048013)
(2170, 0.00477929)
(2171, 0.00473708)
(2172, 0.00475162)
(2173, 0.00470876)
(2174, 0.00476786)
(2175, 0.0047591)
(2176, 0.00479771)
(2177, 0.00475535)
(2178, 0.00479565)
(2179, 0.00475844)
(2180, 0.00485096)
(2181, 0.00485696)
(2182, 0.0048384)
(2183, 0.00480858)
(2184, 0.00484931)
(2185, 0.00487975)
(2186, 0.00490793)
(2187, 0.00486957)
(2188, 0.00482766)
(2189, 0.00478394)
(2190, 0.00474086)
(2191, 0.00475254)
(2192, 0.00479455)
(2193, 0.00483743)
(2194, 0.00481067)
(2195, 0.00479708)
(2196, 0.00479891)
(2197, 0.00482098)
(2198, 0.00481612)
(2199, 0.00482617)
(2200, 0.00481465)
(2201, 0.00477313)
(2202, 0.00481225)
(2203, 0.00483127)
(2204, 0.00479695)
(2205, 0.00475277)
(2206, 0.0047789)
(2207, 0.00483164)
(2208, 0.00487776)
(2209, 0.00490124)
(2210, 0.0048763)
(2211, 0.00493154)
(2212, 0.00494553)
(2213, 0.00490234)
(2214, 0.00497527)
(2215, 0.00500301)
(2216, 0.00501927)
(2217, 0.0050246)
(2218, 0.00501533)
(2219, 0.00497448)
(2220, 0.00499213)
(2221, 0.00504974)
(2222, 0.00508102)
(2223, 0.00505759)
(2224, 0.00505558)
(2225, 0.00506592)
(2226, 0.00511387)
(2227, 0.00512369)
(2228, 0.00510235)
(2229, 0.00514918)
(2230, 0.00511861)
(2231, 0.00512624)
(2232, 0.0050989)
(2233, 0.00512999)
(2234, 0.00507331)
(2235, 0.00512635)
(2236, 0.00514926)
(2237, 0.00515855)
(2238, 0.0051639)
(2239, 0.00518011)
(2240, 0.00519064)
(2241, 0.00522473)
(2242, 0.00525192)
(2243, 0.00530713)
(2244, 0.00528538)
(2245, 0.00532171)
(2246, 0.00528628)
(2247, 0.00527212)
(2248, 0.00523455)
(2249, 0.0052822)
(2250, 0.00527349)
(2251, 0.00528019)
(2252, 0.00526734)
(2253, 0.00528535)
(2254, 0.0053296)
(2255, 0.00534297)
(2256, 0.00536266)
(2257, 0.00538447)
(2258, 0.00536095)
(2259, 0.00536185)
(2260, 0.00538727)
(2261, 0.00540698)
(2262, 0.00538607)
(2263, 0.00539416)
(2264, 0.00535877)
(2265, 0.00541088)
(2266, 0.00542807)
(2267, 0.00544771)
(2268, 0.00542881)
(2269, 0.00542016)
(2270, 0.00542916)
(2271, 0.00540957)
(2272, 0.00537019)
(2273, 0.0053488)
(2274, 0.00536881)
(2275, 0.00539268)
(2276, 0.00546491)
(2277, 0.00547929)
(2278, 0.00546393)
(2279, 0.00539461)
(2280, 0.00539127)
(2281, 0.00541829)
(2282, 0.0053644)
(2283, 0.00539615)
(2284, 0.00539752)
(2285, 0.0054023)
(2286, 0.0054156)
(2287, 0.00543464)
(2288, 0.00546801)
(2289, 0.00547589)
(2290, 0.00545087)
(2291, 0.00547631)
(2292, 0.00548506)
(2293, 0.00546427)
(2294, 0.00543393)
(2295, 0.0054004)
(2296, 0.00534828)
(2297, 0.00539788)
(2298, 0.0053528)
(2299, 0.00533918)
(2300, 0.00533692)
(2301, 0.00532758)
(2302, 0.00531165)
(2303, 0.00529492)
(2304, 0.00527278)
(2305, 0.00526627)
(2306, 0.00528654)
(2307, 0.00533516)
(2308, 0.00532146)
(2309, 0.00529596)
(2310, 0.00531778)
(2311, 0.00533471)
(2312, 0.005402)
(2313, 0.00540795)
(2314, 0.00536594)
(2315, 0.00535713)
(2316, 0.00541721)
(2317, 0.00538672)
(2318, 0.0053141)
(2319, 0.00527754)
(2320, 0.0053309)
(2321, 0.00537931)
(2322, 0.00537149)
(2323, 0.00539056)
(2324, 0.00531769)
(2325, 0.00527564)
(2326, 0.00534874)
(2327, 0.00534244)
(2328, 0.00533235)
(2329, 0.00536921)
(2330, 0.00543569)
(2331, 0.00548574)
(2332, 0.0055076)
(2333, 0.00552542)
(2334, 0.00546732)
(2335, 0.00543904)
(2336, 0.00543395)
(2337, 0.00544212)
(2338, 0.00545981)
(2339, 0.00549509)
(2340, 0.00550959)
(2341, 0.00547311)
(2342, 0.00547776)
(2343, 0.00551874)
(2344, 0.0055239)
(2345, 0.00547998)
(2346, 0.00544685)
(2347, 0.00544213)
(2348, 0.00543844)
(2349, 0.00550997)
(2350, 0.00554203)
(2351, 0.00554158)
(2352, 0.00556729)
(2353, 0.00555446)
(2354, 0.00559779)
(2355, 0.00560611)
(2356, 0.00558209)
(2357, 0.0055615)
(2358, 0.0054777)
(2359, 0.00544017)
(2360, 0.00547265)
(2361, 0.00547626)
(2362, 0.00543398)
(2363, 0.00545108)
(2364, 0.00544913)
(2365, 0.00548175)
(2366, 0.00552182)
(2367, 0.00549812)
(2368, 0.00549298)
(2369, 0.00547522)
(2370, 0.00548527)
(2371, 0.00551997)
(2372, 0.00547977)
(2373, 0.00546716)
(2374, 0.0054242)
(2375, 0.00538187)
(2376, 0.00542358)
(2377, 0.0054067)
(2378, 0.00539556)
(2379, 0.00548181)
(2380, 0.00541713)
(2381, 0.00542906)
(2382, 0.00544107)
(2383, 0.00541711)
(2384, 0.00538476)
(2385, 0.00536184)
(2386, 0.00539486)
(2387, 0.00538503)
(2388, 0.00537063)
(2389, 0.00533881)
(2390, 0.00534387)
(2391, 0.00533899)
(2392, 0.00534558)
(2393, 0.00532781)
(2394, 0.00528447)
(2395, 0.00527152)
(2396, 0.00528716)
(2397, 0.00534605)
(2398, 0.00533422)
(2399, 0.00535168)
(2400, 0.00533272)
(2401, 0.00533372)
(2402, 0.0053851)
(2403, 0.00537252)
(2404, 0.00535779)
(2405, 0.00538414)
(2406, 0.0053458)
(2407, 0.00537377)
(2408, 0.0053584)
(2409, 0.00539198)
(2410, 0.00538804)
(2411, 0.00545114)
(2412, 0.00546589)
(2413, 0.00545539)
(2414, 0.00545877)
(2415, 0.00546014)
(2416, 0.00542506)
(2417, 0.00544717)
(2418, 0.00545849)
(2419, 0.00547999)
(2420, 0.00546329)
(2421, 0.00550023)
(2422, 0.00549849)
(2423, 0.00547137)
(2424, 0.00547259)
(2425, 0.00548294)
(2426, 0.0054673)
(2427, 0.00545352)
(2428, 0.00544533)
(2429, 0.00544649)
(2430, 0.0054378)
(2431, 0.00544941)
(2432, 0.00541523)
(2433, 0.00542817)
(2434, 0.00542733)
(2435, 0.00539107)
(2436, 0.00543698)
(2437, 0.00543051)
(2438, 0.00543573)
(2439, 0.00541884)
(2440, 0.00536058)
(2441, 0.00535871)
(2442, 0.00534141)
(2443, 0.00538956)
(2444, 0.00533667)
(2445, 0.00530673)
(2446, 0.00537153)
(2447, 0.00533324)
(2448, 0.0052939)
(2449, 0.00535912)
(2450, 0.00536546)
(2451, 0.00531772)
(2452, 0.0053089)
(2453, 0.00530188)
(2454, 0.00530962)
(2455, 0.00533327)
(2456, 0.00530541)
(2457, 0.00524453)
(2458, 0.00523951)
(2459, 0.00521891)
(2460, 0.00524214)
(2461, 0.00525331)
(2462, 0.00529315)
(2463, 0.00528202)
(2464, 0.00526411)
(2465, 0.00529921)
(2466, 0.0052954)
(2467, 0.00534362)
(2468, 0.00528522)
(2469, 0.00529326)
(2470, 0.00530472)
(2471, 0.00533012)
(2472, 0.00539043)
(2473, 0.00540451)
(2474, 0.00538691)
(2475, 0.00542794)
(2476, 0.00543097)
(2477, 0.00538859)
(2478, 0.00540603)
(2479, 0.00541165)
(2480, 0.00547306)
(2481, 0.00546334)
(2482, 0.0053818)
(2483, 0.00539058)
(2484, 0.00543178)
(2485, 0.00546401)
(2486, 0.00548821)
(2487, 0.00548844)
(2488, 0.00547589)
(2489, 0.00546783)
(2490, 0.00548821)
(2491, 0.00549965)
(2492, 0.00550643)
(2493, 0.00553961)
(2494, 0.00555733)
(2495, 0.00556795)
(2496, 0.00558214)
(2497, 0.00558202)
(2498, 0.00557487)
(2499, 0.00553326)
(2500, 0.005544)
(2501, 0.00556508)
(2502, 0.00556044)
(2503, 0.00561139)
(2504, 0.00564051)
(2505, 0.00559453)
(2506, 0.00557992)
(2507, 0.00558126)
(2508, 0.005571)
(2509, 0.00548494)
(2510, 0.00547722)
(2511, 0.0054323)
(2512, 0.00540535)
(2513, 0.00541176)
(2514, 0.00540398)
(2515, 0.00536029)
(2516, 0.00532199)
(2517, 0.00530655)
(2518, 0.00530967)
(2519, 0.00533263)
