(2, 97.5783)
(3, 97.0088)
(4, 96.6538)
(5, 95.2766)
(6, 97.0879)
(7, 98.376)
(8, 97.6695)
(9, 97.1016)
(10, 97.2212)
(11, 96.9808)
(12, 95.5952)
(13, 96.9388)
(14, 97.5542)
(15, 95.8738)
(16, 94.4468)
(17, 96.1451)
(18, 96.3823)
(19, 98.4648)
(20, 97.9047)
(21, 96.541)
(22, 96.7526)
(23, 95.2385)
(24, 95.2919)
(25, 94.3333)
(26, 92.3825)
(27, 92.9527)
(28, 92.9278)
(29, 92.9168)
(30, 92.4362)
(31, 93.5825)
(32, 91.527)
(33, 91.8931)
(34, 90.8593)
(35, 91.4895)
(36, 91.873)
(37, 91.842)
(38, 90.654)
(39, 91.3932)
(40, 92.1804)
(41, 91.157)
(42, 89.3182)
(43, 88.4983)
(44, 88.0673)
(45, 88.2962)
(46, 87.9034)
(47, 88.033)
(48, 89.6829)
(49, 91.8106)
(50, 94.241)
(51, 93.0961)
(52, 92.8602)
(53, 93.006)
(54, 90.3082)
(55, 90.4298)
(56, 88.8983)
(57, 88.22)
(58, 88.7162)
(59, 87.8518)
(60, 86.0578)
(61, 86.2634)
(62, 85.2443)
(63, 84.0227)
(64, 83.7715)
(65, 84.3448)
(66, 83.3635)
(67, 83.5082)
(68, 84.0969)
(69, 84.221)
(70, 85.7271)
(71, 86.6905)
(72, 88.2508)
(73, 86.8829)
(74, 84.0469)
(75, 84.1528)
(76, 84.0556)
(77, 84.4468)
(78, 86.4065)
(79, 87.4119)
(80, 88.0295)
(81, 87.3887)
(82, 87.215)
(83, 87.7109)
(84, 89.9724)
(85, 90.1436)
(86, 89.3257)
(87, 89.9028)
(88, 88.8035)
(89, 88.1528)
(90, 87.3335)
(91, 89.4483)
(92, 90.4319)
(93, 90.4295)
(94, 92.1377)
(95, 91.8994)
(96, 94.0995)
(97, 92.8973)
(98, 93.3618)
(99, 92.8854)
(100, 92.4419)
(101, 91.9736)
(102, 92.1336)
(103, 92.5805)
(104, 91.8894)
(105, 93.5144)
(106, 93.0951)
(107, 93.1804)
(108, 93.6286)
(109, 94.7948)
(110, 93.9138)
(111, 93.7912)
(112, 92.5786)
(113, 95.3387)
(114, 95.2835)
(115, 93.5699)
(116, 94.309)
(117, 95.6072)
(118, 95.0625)
(119, 92.8367)
(120, 92.6017)
(121, 93.2965)
(122, 92.7082)
(123, 91.6915)
(124, 91.279)
(125, 92.7069)
(126, 90.6539)
(127, 91.8578)
(128, 89.5282)
(129, 89.5566)
(130, 88.9339)
(131, 90.1576)
(132, 88.5691)
(133, 88.9887)
(134, 91.1508)
(135, 90.7944)
(136, 90.041)
(137, 88.9773)
(138, 89.2545)
(139, 91.3598)
(140, 91.6733)
(141, 89.4081)
(142, 89.811)
(143, 86.5979)
(144, 84.614)
(145, 85.4804)
(146, 85.973)
(147, 87.4407)
(148, 87.4702)
(149, 88.6349)
(150, 86.6031)
(151, 84.6411)
(152, 85.4324)
(153, 84.7763)
(154, 86.6964)
(155, 86.6102)
(156, 86.1941)
(157, 86.8589)
(158, 86.5478)
(159, 89.1788)
(160, 90.5955)
(161, 92.0186)
(162, 91.9228)
(163, 94.3178)
(164, 94.0287)
(165, 91.5788)
(166, 90.1124)
(167, 90.6745)
(168, 90.8293)
(169, 90.7254)
(170, 90.5161)
(171, 91.7864)
(172, 90.795)
(173, 91.6019)
(174, 91.7087)
(175, 92.0876)
(176, 94.533)
(177, 94.2286)
(178, 94.271)
(179, 93.0426)
(180, 93.7834)
(181, 95.0714)
(182, 94.5957)
(183, 95.0854)
(184, 95.8673)
(185, 96.4551)
(186, 94.9249)
(187, 95.7757)
(188, 95.8091)
(189, 96.0035)
(190, 94.9204)
(191, 98.8463)
(192, 99.3745)
(193, 99.9505)
(194, 99.2773)
(195, 99.0203)
(196, 96.074)
(197, 96.6861)
(198, 97.4137)
(199, 93.8302)
(200, 95.7896)
(201, 94.5752)
(202, 96.1758)
(203, 95.357)
(204, 94.9302)
(205, 96.0314)
(206, 95.0216)
(207, 94.8045)
(208, 95.5883)
(209, 94.8211)
(210, 94.5428)
(211, 95.7545)
(212, 96.3693)
(213, 95.693)
(214, 94.7903)
(215, 94.6906)
(216, 97.5175)
(217, 97.9473)
(218, 97.673)
(219, 96.3445)
(220, 94.4866)
(221, 94.8633)
(222, 94.7554)
(223, 93.829)
(224, 92.9471)
(225, 95.1019)
(226, 95.4606)
(227, 96.0058)
(228, 94.9601)
(229, 92.1342)
(230, 90.3025)
(231, 88.3603)
(232, 87.0862)
(233, 87.7234)
(234, 88.0354)
(235, 86.1298)
(236, 87.633)
(237, 86.8594)
(238, 89.0437)
(239, 87.9649)
(240, 87.5646)
(241, 87.9757)
(242, 88.979)
(243, 88.4447)
(244, 87.3361)
(245, 89.8833)
(246, 91.1119)
(247, 91.9623)
(248, 91.8784)
(249, 90.9407)
(250, 87.7845)
(251, 88.5567)
(252, 89.1908)
(253, 87.4413)
(254, 87.551)
(255, 85.5806)
(256, 83.6981)
(257, 84.0293)
(258, 84.4904)
(259, 84.4389)
(260, 85.2645)
(261, 85.8716)
(262, 86.6645)
(263, 86.4052)
(264, 86.8822)
(265, 86.9235)
(266, 86.4021)
(267, 86.5714)
(268, 86.5316)
(269, 86.1926)
(270, 86.3426)
(271, 86.6414)
(272, 86.3659)
(273, 86.4839)
(274, 85.0214)
(275, 84.7239)
(276, 84.5575)
(277, 85.1666)
(278, 82.9716)
(279, 84.4686)
(280, 84.182)
(281, 82.9054)
(282, 82.7566)
(283, 82.8709)
(284, 84.7732)
(285, 85.383)
(286, 84.8506)
(287, 85.6148)
(288, 85.1436)
(289, 84.7449)
(290, 86.0408)
(291, 86.0759)
(292, 87.9282)
(293, 86.9705)
(294, 87.1373)
(295, 86.5479)
(296, 88.8132)
(297, 89.4512)
(298, 91.4316)
(299, 87.7889)
(300, 87.8428)
(301, 87.2638)
(302, 87.5708)
(303, 86.5089)
(304, 85.9552)
(305, 85.182)
(306, 85.4141)
(307, 86.3753)
(308, 86.4393)
(309, 86.8851)
(310, 85.5252)
(311, 84.3443)
(312, 85.8606)
(313, 86.3528)
(314, 87.5791)
(315, 87.5861)
(316, 88.9104)
(317, 88.2821)
(318, 87.6723)
(319, 87.3246)
(320, 84.5649)
(321, 84.2861)
(322, 82.5071)
(323, 85.7678)
(324, 85.36)
(325, 85.5484)
(326, 86.5345)
(327, 84.0713)
(328, 85.2935)
(329, 85.958)
(330, 86.9244)
(331, 84.9334)
(332, 84.9195)
(333, 83.9063)
(334, 82.6328)
(335, 84.0376)
(336, 83.4374)
(337, 82.3606)
(338, 80.7982)
(339, 81.7171)
(340, 81.7857)
(341, 81.6227)
(342, 83.113)
(343, 84.0803)
(344, 82.9478)
(345, 84.5006)
(346, 84.8021)
(347, 85.1941)
(348, 89.536)
(349, 91.3084)
(350, 90.4934)
(351, 88.8367)
(352, 89.3739)
(353, 90.0811)
(354, 90.7855)
(355, 89.4469)
(356, 89.7763)
(357, 88.8254)
(358, 88.0401)
(359, 88.0545)
(360, 87.2402)
(361, 88.2284)
(362, 90.1918)
(363, 92.802)
(364, 91.3336)
(365, 91.9247)
(366, 91.7267)
(367, 91.2799)
(368, 89.3936)
(369, 87.725)
(370, 88.6292)
(371, 87.9639)
(372, 86.8922)
(373, 87.0318)
(374, 87.6157)
(375, 89.3034)
(376, 89.5049)
(377, 87.418)
(378, 88.5706)
(379, 89.1215)
(380, 91.2758)
(381, 92.7836)
(382, 90.0103)
(383, 89.0077)
(384, 90.0038)
(385, 89.8076)
(386, 87.5621)
(387, 86.6217)
(388, 86.7447)
(389, 86.0192)
(390, 85.5605)
(391, 85.1159)
(392, 84.7047)
(393, 84.0224)
(394, 82.627)
(395, 82.227)
(396, 80.909)
(397, 82.5139)
(398, 83.6575)
(399, 81.0318)
(400, 81.8463)
(401, 80.702)
(402, 79.2989)
(403, 79.8239)
(404, 80.8913)
(405, 80.2878)
(406, 79.1693)
(407, 80.5603)
(408, 79.9854)
(409, 81.2635)
(410, 79.6346)
(411, 79.2466)
(412, 80.6078)
(413, 80.0125)
(414, 80.9921)
(415, 83.1841)
(416, 80.4569)
(417, 80.441)
(418, 79.6817)
(419, 81.2253)
(420, 79.5626)
(421, 79.7217)
(422, 79.2248)
(423, 79.7722)
(424, 79.1713)
(425, 78.1161)
(426, 78.091)
(427, 79.8905)
(428, 80.8829)
(429, 79.8586)
(430, 79.1822)
(431, 78.4396)
(432, 78.7581)
(433, 79.1772)
(434, 79.5013)
(435, 81.2136)
(436, 81.5139)
(437, 82.0951)
(438, 82.1897)
(439, 80.5837)
(440, 80.8177)
(441, 80.6229)
(442, 82.6679)
(443, 81.7279)
(444, 82.7391)
(445, 83.1249)
(446, 84.9264)
(447, 83.4098)
(448, 81.919)
(449, 82.8738)
(450, 81.5905)
(451, 81.1441)
(452, 80.1406)
(453, 79.8426)
(454, 79.8769)
(455, 78.4111)
(456, 80.0892)
(457, 78.4907)
(458, 77.6602)
(459, 77.0699)
(460, 77.4288)
(461, 79.0817)
(462, 77.2146)
(463, 77.2917)
(464, 77.2067)
(465, 77.7645)
(466, 76.2825)
(467, 76.1024)
(468, 76.6487)
(469, 76.0282)
(470, 75.6709)
(471, 74.8959)
(472, 76.5332)
(473, 74.8373)
(474, 74.332)
(475, 74.1138)
(476, 73.1586)
(477, 72.4914)
(478, 72.8835)
(479, 72.4286)
(480, 73.2825)
(481, 72.8304)
(482, 72.774)
(483, 71.2698)
(484, 70.2696)
(485, 70.5316)
(486, 71.4468)
(487, 70.801)
(488, 71.9175)
(489, 73.6823)
(490, 70.7438)
(491, 69.7539)
(492, 69.0663)
(493, 69.9836)
(494, 70.182)
(495, 70.756)
(496, 69.5842)
(497, 69.6649)
(498, 69.4375)
(499, 68.6927)
(500, 67.2077)
(501, 67.9314)
(502, 68.2384)
(503, 67.1841)
(504, 68.1961)
(505, 67.994)
(506, 67.8132)
(507, 68.9293)
(508, 67.3497)
(509, 66.1303)
(510, 65.6066)
(511, 66.0741)
(512, 64.3185)
(513, 65.1965)
(514, 63.9515)
(515, 63.7069)
(516, 63.882)
(517, 64.0994)
(518, 64.317)
(519, 64.9082)
(520, 63.8362)
(521, 62.499)
(522, 63.3453)
(523, 61.7147)
(524, 61.5818)
(525, 62.2223)
(526, 62.6899)
(527, 62.7881)
(528, 64.1443)
(529, 65.2081)
(530, 63.6753)
(531, 64.1613)
(532, 67.1456)
(533, 68.2531)
(534, 69.3596)
(535, 68.8836)
(536, 67.2817)
(537, 65.8785)
(538, 65.4655)
(539, 66.432)
(540, 68.1535)
(541, 67.3618)
(542, 66.0448)
(543, 65.7985)
(544, 67.4109)
(545, 66.1123)
(546, 64.8897)
(547, 64.9352)
(548, 63.896)
(549, 65.2524)
(550, 64.0537)
(551, 62.4969)
(552, 62.6316)
(553, 63.7608)
(554, 64.1308)
(555, 64.0472)
(556, 64.4361)
(557, 65.9898)
(558, 64.0438)
(559, 64.1626)
(560, 64.2244)
(561, 64.9552)
(562, 63.2696)
(563, 62.538)
(564, 62.4859)
(565, 63.0289)
(566, 62.852)
(567, 63.4047)
(568, 61.2823)
(569, 60.3656)
(570, 60.0753)
(571, 59.662)
(572, 60.5694)
(573, 61.4105)
(574, 63.0673)
(575, 61.6342)
(576, 63.4352)
(577, 63.9538)
(578, 63.5117)
(579, 63.7558)
(580, 64.3698)
(581, 65.1404)
(582, 65.8328)
(583, 64.8855)
(584, 64.0764)
(585, 64.3031)
(586, 64.1254)
(587, 63.4164)
(588, 62.5314)
(589, 62.9292)
(590, 62.3323)
(591, 61.6517)
(592, 60.7543)
(593, 60.241)
(594, 60.4506)
(595, 60.5786)
(596, 59.8315)
(597, 59.2531)
(598, 60.2013)
(599, 60.0572)
(600, 59.2696)
(601, 60.2801)
(602, 60.3784)
(603, 60.7283)
(604, 60.0059)
(605, 59.7124)
(606, 59.7102)
(607, 59.3808)
(608, 58.6398)
(609, 59.0465)
(610, 58.2117)
(611, 57.7482)
(612, 58.5193)
(613, 57.9675)
(614, 57.9122)
(615, 58.8683)
(616, 59.8264)
(617, 59.1197)
(618, 59.6751)
(619, 59.5444)
(620, 60.7031)
(621, 62.5517)
(622, 62.0595)
(623, 60.3857)
(624, 60.5551)
(625, 61.8534)
(626, 61.786)
(627, 64.1119)
(628, 64.1057)
(629, 64.2044)
(630, 63.9225)
(631, 64.8677)
(632, 64.9338)
(633, 65.0779)
(634, 65.5694)
(635, 65.879)
(636, 65.2714)
(637, 66.0325)
(638, 68.6451)
(639, 67.2348)
(640, 67.8116)
(641, 69.4143)
(642, 68.5042)
(643, 69.7663)
(644, 69.7214)
(645, 68.7755)
(646, 68.7365)
(647, 68.3926)
(648, 68.5297)
(649, 68.8768)
(650, 70.2824)
(651, 70.3867)
(652, 70.5433)
(653, 69.9214)
(654, 70.434)
(655, 72.2378)
(656, 73.7429)
(657, 74.0781)
(658, 74.1114)
(659, 74.4404)
(660, 74.0016)
(661, 74.6505)
(662, 74.3623)
(663, 73.5236)
(664, 72.8375)
(665, 72.4687)
(666, 72.2673)
(667, 71.543)
(668, 72.0386)
(669, 70.8099)
(670, 70.9743)
(671, 72.2991)
(672, 73.232)
(673, 74.2256)
(674, 74.1802)
(675, 74.4315)
(676, 74.0323)
(677, 75.0325)
(678, 76.7542)
(679, 75.9644)
(680, 73.8235)
(681, 73.5597)
(682, 75.166)
(683, 73.9511)
(684, 73.3695)
(685, 74.713)
(686, 74.8821)
(687, 75.2801)
(688, 75.6225)
(689, 77.3917)
(690, 78.0183)
(691, 78.6633)
(692, 80.2335)
(693, 79.9885)
(694, 79.176)
(695, 78.7756)
(696, 79.1708)
(697, 79.6386)
(698, 79.7492)
(699, 79.7905)
(700, 80.6528)
(701, 82.4567)
(702, 82.1123)
(703, 83.1005)
(704, 83.9555)
(705, 86.8778)
(706, 87.7764)
(707, 88.4997)
(708, 88.9573)
(709, 92.1972)
(710, 92.1249)
(711, 92.6263)
(712, 92.4171)
(713, 92.7194)
(714, 92.4942)
(715, 93.2889)
(716, 94.0366)
(717, 94.1565)
(718, 95.7794)
(719, 96.1535)
(720, 94.4164)
(721, 94.6216)
(722, 96.6893)
(723, 97.9132)
(724, 97.9587)
(725, 99.4209)
(726, 98.0843)
(727, 101.618)
(728, 100.298)
(729, 99.488)
(730, 97.981)
(731, 97.7745)
(732, 97.3263)
(733, 96.8664)
(734, 97.3999)
(735, 98.7104)
(736, 98.6346)
(737, 97.8619)
(738, 96.8172)
(739, 95.3095)
(740, 94.3433)
(741, 94.9597)
(742, 94.0917)
(743, 92.533)
(744, 94.4002)
(745, 92.1697)
(746, 89.2961)
(747, 87.9172)
(748, 87.7176)
(749, 87.7461)
(750, 88.8671)
(751, 89.0832)
(752, 87.9136)
(753, 89.2689)
(754, 88.2588)
(755, 89.6149)
(756, 88.6448)
(757, 85.9173)
(758, 85.7946)
(759, 86.9105)
(760, 87.2335)
(761, 85.8031)
(762, 86.9456)
(763, 87.7649)
(764, 87.7687)
(765, 86.7657)
(766, 85.3405)
(767, 85.0359)
(768, 86.5699)
(769, 86.2582)
(770, 84.5807)
(771, 85.5967)
(772, 85.8935)
(773, 85.7561)
(774, 84.6079)
(775, 83.6247)
(776, 83.8213)
(777, 83.6379)
(778, 84.0251)
(779, 86.2349)
(780, 86.0483)
(781, 85.2495)
(782, 86.0922)
(783, 84.3413)
(784, 83.9774)
(785, 83.3199)
(786, 83.9727)
(787, 83.5871)
(788, 81.6991)
(789, 81.9524)
(790, 84.5837)
(791, 84.6859)
(792, 85.638)
(793, 86.7045)
(794, 84.2549)
(795, 85.5903)
(796, 85.2426)
(797, 85.575)
(798, 85.89)
(799, 86.5818)
(800, 85.2699)
(801, 83.7687)
(802, 83.5391)
(803, 83.6055)
(804, 84.8774)
(805, 84.5206)
(806, 84.0633)
(807, 85.2519)
(808, 86.4087)
(809, 86.1424)
(810, 86.216)
(811, 85.252)
(812, 86.6984)
(813, 85.4027)
(814, 85.6418)
(815, 86.184)
(816, 84.3364)
(817, 85.7068)
(818, 87.0868)
(819, 85.7985)
(820, 85.8443)
(821, 85.6403)
(822, 87.6789)
(823, 86.3669)
(824, 84.9707)
(825, 85.2163)
(826, 83.2655)
(827, 82.4689)
(828, 84.1283)
(829, 84.9093)
(830, 85.1608)
(831, 83.3842)
(832, 83.7786)
(833, 84.8623)
(834, 84.3211)
(835, 86.2469)
(836, 86.4731)
(837, 83.6292)
(838, 84.7657)
(839, 85.4728)
(840, 88.3806)
(841, 86.5575)
(842, 86.9176)
(843, 88.0628)
(844, 86.9595)
(845, 85.5188)
(846, 87.1911)
(847, 86.2043)
(848, 85.0164)
(849, 83.8026)
(850, 82.8264)
(851, 81.8144)
(852, 79.7813)
(853, 80.0743)
(854, 79.4645)
(855, 79.7552)
(856, 81.1283)
(857, 79.5464)
(858, 80.2021)
(859, 82.0445)
(860, 82.6833)
(861, 81.6176)
(862, 81.2903)
(863, 82.5048)
(864, 83.2247)
(865, 82.4283)
(866, 83.1908)
(867, 83.1388)
(868, 82.4803)
(869, 82.3282)
(870, 83.9508)
(871, 84.2085)
(872, 83.7464)
(873, 83.2385)
(874, 83.6455)
(875, 81.4617)
(876, 82.2325)
(877, 80.2583)
(878, 80.2339)
(879, 81.0753)
(880, 82.4538)
(881, 82.6268)
(882, 81.6785)
(883, 81.96)
(884, 82.026)
(885, 82.8472)
(886, 83.0927)
(887, 84.1752)
(888, 84.3005)
(889, 85.0684)
(890, 85.5737)
(891, 84.2309)
(892, 83.3277)
(893, 85.3657)
(894, 86.2065)
(895, 86.225)
(896, 87.3921)
(897, 85.0329)
(898, 85.5491)
(899, 86.5915)
(900, 86.4991)
(901, 86.4195)
(902, 88.9806)
(903, 89.445)
(904, 86.9004)
(905, 86.2733)
(906, 86.5332)
(907, 85.1684)
(908, 83.6967)
(909, 82.4077)
(910, 81.1453)
(911, 81.1432)
(912, 80.7613)
(913, 81.3869)
(914, 80.8711)
(915, 81.4611)
(916, 80.8522)
(917, 81.4126)
(918, 82.2699)
(919, 80.798)
(920, 81.5895)
(921, 81.9097)
(922, 82.1645)
(923, 82.6805)
(924, 85.0279)
(925, 84.3181)
(926, 85.473)
(927, 85.2855)
(928, 84.3877)
(929, 84.8411)
(930, 85.4246)
(931, 84.1547)
(932, 83.4615)
(933, 81.8888)
(934, 83.3691)
(935, 83.4732)
(936, 83.5831)
(937, 83.8781)
(938, 83.9918)
(939, 83.0428)
(940, 84.5188)
(941, 84.8211)
(942, 85.8638)
(943, 84.684)
(944, 84.4243)
(945, 85.725)
(946, 83.8949)
(947, 85.4079)
(948, 88.4442)
(949, 90.7098)
(950, 90.7857)
(951, 89.566)
(952, 88.1779)
(953, 88.759)
(954, 89.0505)
(955, 89.1061)
(956, 89.1573)
(957, 87.1491)
(958, 89.4418)
(959, 92.3555)
(960, 90.7076)
(961, 90.4361)
(962, 93.0211)
(963, 93.2767)
(964, 92.5057)
(965, 92.8318)
(966, 95.0115)
(967, 95.7857)
(968, 95.6936)
(969, 97.479)
(970, 95.7075)
(971, 96.9373)
(972, 96.5789)
(973, 96.4919)
(974, 95.276)
(975, 95.2828)
(976, 97.2728)
(977, 97.7071)
(978, 97.914)
(979, 96.9771)
(980, 98.2597)
(981, 99.0809)
(982, 96.9125)
(983, 96.8242)
(984, 95.6187)
(985, 96.3203)
(986, 95.4923)
(987, 94.9319)
(988, 97.5124)
(989, 97.6952)
(990, 98.5133)
(991, 95.8269)
(992, 95.9222)
(993, 94.5023)
(994, 92.3324)
(995, 90.6582)
(996, 90.209)
(997, 88.2938)
(998, 88.2594)
(999, 88.2164)
(1000, 86.01)
(1001, 87.5483)
(1002, 87.6757)
(1003, 88.235)
(1004, 88.0203)
(1005, 85.8189)
(1006, 85.3759)
(1007, 88.0418)
(1008, 87.6674)
(1009, 84.7869)
(1010, 83.5602)
(1011, 83.7848)
(1012, 83.8861)
(1013, 84.3103)
(1014, 82.6557)
(1015, 81.8056)
(1016, 82.1822)
(1017, 83.6672)
(1018, 84.4415)
(1019, 85.1202)
(1020, 86.6295)
(1021, 85.6323)
(1022, 84.518)
(1023, 84.5008)
(1024, 84.1979)
(1025, 85.778)
(1026, 84.2276)
(1027, 85.9206)
(1028, 84.2353)
(1029, 85.1189)
(1030, 83.9054)
(1031, 83.097)
(1032, 81.9279)
(1033, 82.0536)
(1034, 80.215)
(1035, 79.1421)
(1036, 80.2507)
(1037, 81.3062)
(1038, 81.5091)
(1039, 82.7174)
(1040, 83.006)
(1041, 84.8585)
(1042, 83.3364)
(1043, 85.1095)
(1044, 84.4546)
(1045, 83.6487)
(1046, 84.9716)
(1047, 84.371)
(1048, 84.4252)
(1049, 84.5338)
(1050, 86.6259)
(1051, 87.3963)
(1052, 86.9509)
(1053, 86.4018)
(1054, 85.3727)
(1055, 85.7547)
(1056, 85.5106)
(1057, 84.114)
(1058, 84.5173)
(1059, 84.4359)
(1060, 84.9244)
(1061, 85.5017)
(1062, 87.6368)
(1063, 87.863)
(1064, 88.8682)
(1065, 88.2639)
(1066, 86.2829)
(1067, 85.581)
(1068, 85.2908)
(1069, 86.1244)
(1070, 85.0192)
(1071, 86.172)
(1072, 86.9122)
(1073, 85.8909)
(1074, 84.1903)
(1075, 83.2893)
(1076, 83.6172)
(1077, 84.7661)
(1078, 83.8509)
(1079, 83.2602)
(1080, 84.5096)
(1081, 85.4933)
(1082, 85.9972)
(1083, 87.0631)
(1084, 86.2059)
(1085, 88.7793)
(1086, 89.3252)
(1087, 87.3133)
(1088, 86.0147)
(1089, 84.3349)
(1090, 84.7174)
(1091, 84.2732)
(1092, 83.4252)
(1093, 81.999)
(1094, 81.3852)
(1095, 81.0417)
(1096, 81.0114)
(1097, 81.9247)
(1098, 80.8777)
(1099, 81.7218)
(1100, 80.7405)
(1101, 81.2593)
(1102, 81.7725)
(1103, 82.1431)
(1104, 82.3319)
(1105, 82.6161)
(1106, 81.9599)
(1107, 82.5095)
(1108, 81.2683)
(1109, 81.4839)
(1110, 81.7612)
(1111, 82.981)
(1112, 85.1709)
(1113, 84.4635)
(1114, 84.2299)
(1115, 84.3502)
(1116, 84.3523)
(1117, 83.1256)
(1118, 83.5651)
(1119, 82.1448)
(1120, 81.4756)
(1121, 82.4921)
(1122, 81.8347)
(1123, 82.9918)
(1124, 81.851)
(1125, 82.4986)
(1126, 82.1282)
(1127, 83.2166)
(1128, 82.7554)
(1129, 80.7627)
(1130, 82.1536)
(1131, 82.6323)
(1132, 83.0304)
(1133, 83.8293)
(1134, 83.8898)
(1135, 81.7059)
(1136, 81.5565)
(1137, 81.8978)
(1138, 81.3589)
(1139, 83.0307)
(1140, 84.6584)
(1141, 86.0005)
(1142, 88.2255)
(1143, 87.7449)
(1144, 88.8218)
(1145, 88.1218)
(1146, 88.2935)
(1147, 87.9592)
(1148, 87.347)
(1149, 88.7766)
(1150, 87.9258)
(1151, 87.3043)
(1152, 88.3472)
(1153, 88.5975)
(1154, 87.5313)
(1155, 87.2589)
(1156, 87.7191)
(1157, 87.3874)
(1158, 90.1417)
(1159, 91.9114)
(1160, 92.7095)
(1161, 91.5582)
(1162, 92.3475)
(1163, 92.149)
(1164, 91.2776)
(1165, 90.6994)
(1166, 91.2069)
(1167, 91.4143)
(1168, 91.7558)
(1169, 89.3792)
(1170, 88.9819)
(1171, 89.7018)
(1172, 89.9365)
(1173, 87.2223)
(1174, 87.1768)
(1175, 87.7467)
(1176, 88.369)
(1177, 86.8857)
(1178, 87.593)
(1179, 84.7783)
(1180, 84.2211)
(1181, 82.5337)
(1182, 84.3804)
(1183, 83.6564)
(1184, 82.3022)
(1185, 80.5267)
(1186, 82.2784)
(1187, 81.1674)
(1188, 82.4184)
(1189, 80.2237)
(1190, 79.2811)
(1191, 80.5689)
(1192, 80.7441)
(1193, 78.5441)
(1194, 77.144)
(1195, 76.1419)
(1196, 76.1312)
(1197, 76.3534)
(1198, 75.335)
(1199, 75.5638)
(1200, 75.494)
(1201, 75.9718)
(1202, 76.1861)
(1203, 76.194)
(1204, 75.7308)
(1205, 75.2037)
(1206, 76.5593)
(1207, 75.5154)
(1208, 74.414)
(1209, 71.8498)
(1210, 74.0422)
(1211, 73.8192)
(1212, 75.1353)
(1213, 73.4125)
(1214, 73.4091)
(1215, 72.6592)
(1216, 72.9152)
(1217, 73.2793)
(1218, 73.7147)
(1219, 72.4454)
(1220, 72.6639)
(1221, 72.5105)
(1222, 71.8176)
(1223, 73.7424)
(1224, 72.712)
(1225, 73.6391)
(1226, 74.7523)
(1227, 75.4744)
(1228, 76.5169)
(1229, 74.2786)
(1230, 75.3136)
(1231, 76.0995)
(1232, 75.7444)
(1233, 75.2691)
(1234, 77.32)
(1235, 78.0464)
(1236, 78.6027)
(1237, 77.2165)
(1238, 78.4962)
(1239, 78.0219)
(1240, 78.6904)
(1241, 77.4632)
(1242, 76.5798)
(1243, 77.1367)
(1244, 76.9531)
(1245, 76.2649)
(1246, 76.1022)
(1247, 76.1064)
(1248, 75.6606)
(1249, 75.5387)
(1250, 75.3382)
(1251, 75.407)
(1252, 75.781)
(1253, 73.523)
(1254, 73.691)
(1255, 71.9059)
(1256, 73.9831)
(1257, 72.2207)
(1258, 73.1592)
(1259, 74.4632)
(1260, 75.8234)
(1261, 74.8123)
(1262, 74.6865)
(1263, 75.1836)
(1264, 77.1947)
(1265, 77.7294)
(1266, 78.3703)
(1267, 78.7473)
(1268, 78.166)
(1269, 77.8247)
(1270, 77.359)
(1271, 78.9163)
(1272, 79.2704)
(1273, 77.8014)
(1274, 78.6981)
(1275, 77.4607)
(1276, 75.7916)
(1277, 76.1505)
(1278, 77.0495)
(1279, 76.8799)
(1280, 77.1137)
(1281, 75.9089)
(1282, 75.9291)
(1283, 74.5886)
(1284, 73.35)
(1285, 72.7934)
(1286, 73.2988)
(1287, 73.4273)
(1288, 72.814)
(1289, 73.1018)
(1290, 72.804)
(1291, 73.0301)
(1292, 73.3887)
(1293, 74.0417)
(1294, 72.6747)
(1295, 72.4176)
(1296, 72.6875)
(1297, 72.9937)
(1298, 73.258)
(1299, 73.4013)
(1300, 72.4651)
(1301, 71.8796)
(1302, 72.0784)
(1303, 71.2725)
(1304, 71.3239)
(1305, 73.5546)
(1306, 73.6902)
(1307, 73.2736)
(1308, 74.6183)
(1309, 73.614)
(1310, 75.4813)
(1311, 76.0377)
(1312, 77.3698)
(1313, 79.0938)
(1314, 78.4154)
(1315, 76.3864)
(1316, 77.0907)
(1317, 80.0848)
(1318, 79.8603)
(1319, 78.7183)
(1320, 75.9028)
(1321, 75.4202)
(1322, 75.9502)
(1323, 78.6929)
(1324, 77.7669)
(1325, 77.1918)
(1326, 75.8582)
(1327, 74.888)
(1328, 72.9828)
(1329, 71.34)
(1330, 72.0015)
(1331, 73.7552)
(1332, 75.074)
(1333, 74.5397)
(1334, 74.8333)
(1335, 76.187)
(1336, 76.1157)
(1337, 75.4504)
(1338, 73.1482)
(1339, 73.3695)
(1340, 72.3808)
(1341, 74.3103)
(1342, 73.781)
(1343, 73.7412)
(1344, 73.9298)
(1345, 73.9495)
(1346, 74.1218)
(1347, 74.2501)
(1348, 74.9763)
(1349, 75.4003)
(1350, 74.8954)
(1351, 75.2718)
(1352, 74.4478)
(1353, 74.7516)
(1354, 73.1051)
(1355, 73.2568)
(1356, 72.2145)
(1357, 71.1012)
(1358, 69.3915)
(1359, 67.9864)
(1360, 67.4561)
(1361, 67.0069)
(1362, 67.3011)
(1363, 67.7367)
(1364, 68.1448)
(1365, 68.6611)
(1366, 68.7981)
(1367, 68.9929)
(1368, 69.0526)
(1369, 66.8282)
(1370, 66.224)
(1371, 66.2763)
(1372, 67.1768)
(1373, 67.106)
(1374, 67.0303)
(1375, 66.5691)
(1376, 68.4011)
(1377, 65.7741)
(1378, 65.7908)
(1379, 65.1591)
(1380, 64.0205)
(1381, 63.6927)
(1382, 63.694)
(1383, 64.1767)
(1384, 64.7551)
(1385, 63.79)
(1386, 62.6023)
(1387, 62.2826)
(1388, 62.8735)
(1389, 63.8118)
(1390, 64.4007)
(1391, 64.4502)
(1392, 64.0034)
(1393, 64.5655)
(1394, 64.4914)
(1395, 64.9983)
(1396, 65.0657)
(1397, 65.0906)
(1398, 64.0272)
(1399, 65.0737)
(1400, 64.3814)
(1401, 64.3605)
(1402, 64.0738)
(1403, 63.3851)
(1404, 63.1144)
(1405, 63.8329)
(1406, 65.5056)
(1407, 65.5378)
(1408, 65.0484)
(1409, 64.8295)
(1410, 63.7308)
(1411, 64.1517)
(1412, 63.0168)
(1413, 61.9476)
(1414, 62.0488)
(1415, 62.966)
(1416, 63.8204)
(1417, 62.5459)
(1418, 62.6709)
(1419, 62.7383)
(1420, 61.5821)
(1421, 60.6436)
(1422, 61.5686)
(1423, 61.6654)
(1424, 61.5469)
(1425, 60.7263)
(1426, 60.2348)
(1427, 60.9583)
(1428, 61.3955)
(1429, 63.1728)
(1430, 63.7732)
(1431, 63.8801)
(1432, 62.4905)
(1433, 62.7776)
(1434, 61.6084)
(1435, 60.6665)
(1436, 60.9522)
(1437, 61.2019)
(1438, 61.6395)
(1439, 60.3984)
(1440, 60.9541)
(1441, 61.3024)
(1442, 60.4342)
(1443, 60.1879)
(1444, 60.8929)
(1445, 60.4042)
(1446, 59.6242)
(1447, 59.8192)
(1448, 60.2693)
(1449, 60.3036)
(1450, 61.2451)
(1451, 60.0274)
(1452, 60.0182)
(1453, 60.023)
(1454, 59.4366)
(1455, 58.8176)
(1456, 58.1445)
(1457, 58.6357)
(1458, 58.5035)
(1459, 58.4989)
(1460, 58.6968)
(1461, 59.5876)
(1462, 58.6934)
(1463, 58.5357)
(1464, 58.173)
(1465, 58.742)
(1466, 56.9136)
(1467, 56.2719)
(1468, 56.2971)
(1469, 56.4631)
(1470, 55.0745)
(1471, 54.8188)
(1472, 54.9647)
(1473, 55.4801)
(1474, 55.5331)
(1475, 56.8995)
(1476, 57.1549)
(1477, 57.3259)
(1478, 57.1453)
(1479, 57.6531)
(1480, 57.4654)
(1481, 58.0499)
(1482, 58.4294)
(1483, 57.432)
(1484, 56.5352)
(1485, 56.7953)
(1486, 56.2287)
(1487, 56.8031)
(1488, 57.3751)
(1489, 56.8188)
(1490, 55.0069)
(1491, 53.9195)
(1492, 52.8822)
(1493, 52.3268)
(1494, 52.5499)
(1495, 54.6929)
(1496, 54.949)
(1497, 55.5263)
(1498, 56.538)
(1499, 56.3476)
(1500, 55.741)
(1501, 55.6859)
(1502, 56.0208)
(1503, 55.4251)
(1504, 54.9486)
(1505, 55.0951)
(1506, 55.698)
(1507, 56.3049)
(1508, 57.5314)
(1509, 58.0186)
(1510, 57.8891)
(1511, 57.3884)
(1512, 57.4482)
(1513, 57.8959)
(1514, 58.1006)
(1515, 58.5845)
(1516, 57.0291)
(1517, 55.3273)
(1518, 55.6544)
(1519, 56.6639)
(1520, 56.1376)
(1521, 54.7999)
(1522, 55.8081)
(1523, 54.4393)
(1524, 55.1685)
(1525, 54.7818)
(1526, 54.1947)
(1527, 54.3446)
(1528, 54.0548)
(1529, 53.9569)
(1530, 54.8002)
(1531, 53.9946)
(1532, 54.3252)
(1533, 53.6173)
(1534, 53.1222)
(1535, 53.3593)
(1536, 52.7834)
(1537, 53.7727)
(1538, 53.7343)
(1539, 52.901)
(1540, 53.0238)
(1541, 52.6042)
(1542, 52.6976)
(1543, 53.0999)
(1544, 53.5674)
(1545, 53.0515)
(1546, 53.1847)
(1547, 52.567)
(1548, 51.76)
(1549, 52.6277)
(1550, 51.2448)
(1551, 51.3791)
(1552, 52.0385)
(1553, 52.5136)
(1554, 52.5653)
(1555, 52.8092)
(1556, 53.4691)
(1557, 53.2242)
(1558, 53.7775)
(1559, 54.0893)
(1560, 55.111)
(1561, 55.1048)
(1562, 55.4153)
(1563, 54.0922)
(1564, 53.8798)
(1565, 54.4416)
(1566, 54.776)
(1567, 55.5733)
(1568, 55.7207)
(1569, 54.7878)
(1570, 54.6283)
(1571, 54.7862)
(1572, 55.4004)
(1573, 55.2964)
(1574, 55.5742)
(1575, 54.7052)
(1576, 54.1258)
(1577, 54.2512)
(1578, 53.807)
(1579, 53.8654)
(1580, 54.6701)
(1581, 55.4989)
(1582, 55.272)
(1583, 55.698)
(1584, 54.6743)
(1585, 54.408)
(1586, 55.3489)
(1587, 55.1497)
(1588, 55.6167)
(1589, 56.3652)
(1590, 56.1204)
(1591, 56.4834)
(1592, 56.4176)
(1593, 54.8124)
(1594, 54.6651)
(1595, 54.8518)
(1596, 54.6312)
(1597, 53.0303)
(1598, 54.3189)
(1599, 54.488)
(1600, 53.9691)
(1601, 54.5978)
(1602, 54.0125)
(1603, 52.3912)
(1604, 52.2327)
(1605, 53.5548)
(1606, 53.1983)
(1607, 52.6938)
(1608, 52.823)
(1609, 54.4376)
(1610, 55.4546)
(1611, 55.5772)
(1612, 55.0366)
(1613, 53.86)
(1614, 52.6111)
(1615, 53.7146)
(1616, 54.8523)
(1617, 55.5256)
(1618, 56.3657)
(1619, 56.0759)
(1620, 56.1811)
(1621, 56.1963)
(1622, 56.0545)
(1623, 54.7122)
(1624, 54.1511)
(1625, 53.9462)
(1626, 54.0265)
(1627, 55.3811)
(1628, 55.2233)
(1629, 55.6013)
(1630, 55.4545)
(1631, 55.9601)
(1632, 56.2519)
(1633, 56.1498)
(1634, 56.8508)
(1635, 56.5024)
(1636, 56.9914)
(1637, 56.8417)
(1638, 56.9263)
(1639, 57.9589)
(1640, 56.5747)
(1641, 58.8468)
(1642, 58.8446)
(1643, 58.1141)
(1644, 59.2364)
(1645, 58.4874)
(1646, 57.6968)
(1647, 58.9813)
(1648, 58.0178)
(1649, 58.2383)
(1650, 58.4225)
(1651, 59.3958)
(1652, 60.0021)
(1653, 58.7826)
(1654, 58.6805)
(1655, 60.3341)
(1656, 60.3613)
(1657, 59.6851)
(1658, 60.1869)
(1659, 58.3234)
(1660, 58.7946)
(1661, 57.3686)
(1662, 57.787)
(1663, 57.8922)
(1664, 57.5589)
(1665, 57.9122)
(1666, 58.5141)
(1667, 58.4833)
(1668, 58.4248)
(1669, 58.1249)
(1670, 58.1295)
(1671, 58.2787)
(1672, 59.0376)
(1673, 58.2257)
(1674, 58.5086)
(1675, 58.9416)
(1676, 59.5594)
(1677, 60.7242)
(1678, 60.5649)
(1679, 60.2845)
(1680, 61.1395)
(1681, 62.4493)
(1682, 64.7956)
(1683, 64.0321)
(1684, 62.9969)
(1685, 62.2531)
(1686, 64.8387)
(1687, 65.6911)
(1688, 64.2223)
(1689, 64.198)
(1690, 64.4677)
(1691, 65.4346)
(1692, 66.2547)
(1693, 66.8314)
(1694, 67.9707)
(1695, 68.8969)
(1696, 69.0721)
(1697, 69.3284)
(1698, 70.0485)
(1699, 69.0828)
(1700, 69.1232)
(1701, 69.1584)
(1702, 69.8185)
(1703, 68.4921)
(1704, 69.3717)
(1705, 68.8441)
(1706, 68.6228)
(1707, 67.1436)
(1708, 66.9353)
(1709, 66.1122)
(1710, 65.6568)
(1711, 65.7357)
(1712, 66.3351)
(1713, 66.6019)
(1714, 66.8309)
(1715, 67.4226)
(1716, 68.3651)
(1717, 68.6141)
(1718, 68.444)
(1719, 69.1014)
(1720, 68.3091)
(1721, 67.8862)
(1722, 68.5186)
(1723, 68.4761)
(1724, 69.2224)
(1725, 67.2423)
(1726, 67.2771)
(1727, 66.201)
(1728, 66.2537)
(1729, 66.2277)
(1730, 64.874)
(1731, 65.132)
(1732, 65.0551)
(1733, 65.3547)
(1734, 64.0768)
(1735, 62.9562)
(1736, 64.1178)
(1737, 63.3552)
(1738, 64.2656)
(1739, 63.37)
(1740, 62.3913)
(1741, 61.3268)
(1742, 62.1818)
(1743, 62.3972)
(1744, 61.2567)
(1745, 61.5007)
(1746, 62.6194)
(1747, 63.9519)
(1748, 65.2134)
(1749, 64.4112)
(1750, 62.3025)
(1751, 61.5027)
(1752, 63.0779)
(1753, 60.9367)
(1754, 62.4071)
(1755, 62.4713)
(1756, 61.638)
(1757, 61.5906)
(1758, 61.2771)
(1759, 60.8703)
(1760, 61.0323)
(1761, 61.6479)
(1762, 61.1223)
(1763, 61.4816)
(1764, 60.5354)
(1765, 61.7794)
(1766, 61.5234)
(1767, 62.7108)
(1768, 63.2004)
(1769, 63.7425)
(1770, 64.514)
(1771, 63.2084)
(1772, 62.3153)
(1773, 64.1199)
(1774, 64.4432)
(1775, 64.5631)
(1776, 65.4111)
(1777, 65.9363)
(1778, 66.5263)
(1779, 65.8225)
(1780, 65.6222)
(1781, 65.3627)
(1782, 65.3421)
(1783, 65.6359)
(1784, 65.7721)
(1785, 65.6503)
(1786, 65.7035)
(1787, 66.1219)
(1788, 65.9867)
(1789, 67.5118)
(1790, 69.0918)
(1791, 69.2578)
(1792, 67.7053)
(1793, 69.4234)
(1794, 71.0384)
(1795, 71.3138)
(1796, 70.0227)
(1797, 68.6066)
(1798, 69.1824)
(1799, 68.1034)
(1800, 68.0427)
(1801, 69.1029)
(1802, 68.9112)
(1803, 69.279)
(1804, 67.9183)
(1805, 69.201)
(1806, 68.9127)
(1807, 67.4874)
(1808, 68.3717)
(1809, 69.5865)
(1810, 70.0153)
(1811, 71.0259)
(1812, 71.7042)
(1813, 72.3584)
(1814, 73.5949)
(1815, 75.7704)
(1816, 74.996)
(1817, 75.339)
(1818, 75.1736)
(1819, 74.883)
(1820, 75.3046)
(1821, 74.584)
(1822, 74.677)
(1823, 73.9385)
(1824, 73.7349)
(1825, 72.6182)
(1826, 74.2351)
(1827, 73.3118)
(1828, 72.6654)
(1829, 74.2474)
(1830, 73.6304)
(1831, 72.9247)
(1832, 72.2747)
(1833, 71.3329)
(1834, 71.3975)
(1835, 70.6292)
(1836, 69.6242)
(1837, 69.837)
(1838, 71.0118)
(1839, 70.789)
(1840, 71.1399)
(1841, 70.5438)
(1842, 71.404)
(1843, 71.8839)
(1844, 71.2991)
(1845, 72.8024)
(1846, 72.0119)
(1847, 72.0231)
(1848, 72.445)
(1849, 73.293)
(1850, 70.1811)
(1851, 68.6892)
(1852, 68.2955)
(1853, 67.3268)
(1854, 67.6331)
(1855, 68.719)
(1856, 69.2595)
(1857, 69.6874)
(1858, 69.6906)
(1859, 69.3281)
(1860, 70.0376)
(1861, 72.0775)
(1862, 72.5034)
(1863, 71.1988)
(1864, 70.13)
(1865, 70.7564)
(1866, 69.9411)
(1867, 68.6463)
(1868, 68.7416)
(1869, 68.524)
(1870, 67.325)
(1871, 67.0633)
(1872, 66.3388)
(1873, 64.8111)
(1874, 64.5975)
(1875, 64.5382)
(1876, 65.0788)
(1877, 66.463)
(1878, 66.9835)
(1879, 66.3472)
(1880, 65.9866)
(1881, 64.0586)
(1882, 63.9988)
(1883, 63.5842)
(1884, 65.2847)
(1885, 66.9456)
(1886, 68.8567)
(1887, 69.8241)
(1888, 70.4663)
(1889, 69.3643)
(1890, 67.0941)
(1891, 67.5605)
(1892, 67.3771)
(1893, 67.7036)
(1894, 66.3482)
(1895, 68.3862)
(1896, 67.7227)
(1897, 66.3933)
(1898, 66.4187)
(1899, 64.9575)
(1900, 65.2593)
(1901, 65.0787)
(1902, 65.5438)
(1903, 66.1316)
(1904, 65.2086)
(1905, 65.0531)
(1906, 63.9514)
(1907, 64.283)
(1908, 64.4796)
(1909, 64.9805)
(1910, 65.6739)
(1911, 66.0713)
(1912, 65.6077)
(1913, 65.558)
(1914, 65.0676)
(1915, 65.6578)
(1916, 66.5866)
(1917, 67.166)
(1918, 66.9014)
(1919, 67.5651)
(1920, 67.7681)
(1921, 68.6894)
(1922, 69.4754)
(1923, 68.8809)
(1924, 68.022)
(1925, 68.1179)
(1926, 68.928)
(1927, 67.6558)
(1928, 67.1102)
(1929, 66.2786)
(1930, 65.965)
(1931, 65.2927)
(1932, 63.3731)
(1933, 64.6878)
(1934, 64.4977)
(1935, 64.7001)
(1936, 64.139)
(1937, 63.6439)
(1938, 63.4375)
(1939, 61.9101)
(1940, 62.2531)
(1941, 61.3579)
(1942, 62.2169)
(1943, 62.5111)
(1944, 62.35)
(1945, 61.3257)
(1946, 62.1654)
(1947, 62.3303)
(1948, 62.2529)
(1949, 61.694)
(1950, 62.696)
(1951, 62.9556)
(1952, 61.7491)
(1953, 60.666)
(1954, 59.8499)
(1955, 60.8046)
(1956, 60.5235)
(1957, 60.0747)
(1958, 60.5315)
(1959, 61.6179)
(1960, 61.3974)
(1961, 61.2851)
(1962, 60.662)
(1963, 60.3004)
(1964, 60.026)
(1965, 59.4438)
(1966, 59.4433)
(1967, 60.7741)
(1968, 60.4821)
(1969, 60.0029)
(1970, 61.0767)
(1971, 60.1953)
(1972, 61.2377)
(1973, 60.8629)
(1974, 58.8049)
(1975, 59.2724)
(1976, 59.1269)
(1977, 57.9211)
(1978, 59.2493)
(1979, 59.5147)
(1980, 58.2721)
(1981, 57.4074)
(1982, 57.9993)
(1983, 57.5643)
(1984, 58.2266)
(1985, 58.1197)
(1986, 56.7327)
(1987, 56.0284)
(1988, 55.6464)
(1989, 56.0489)
(1990, 55.4189)
(1991, 56.0541)
(1992, 56.2772)
(1993, 57.8453)
(1994, 56.8111)
(1995, 56.9451)
(1996, 55.4111)
(1997, 56.8073)
(1998, 57.4837)
(1999, 57.1384)
(2000, 57.6493)
(2001, 57.9473)
(2002, 57.5039)
(2003, 56.4795)
(2004, 57.4883)
(2005, 58.3969)
(2006, 59.2051)
(2007, 59.5685)
(2008, 60.6764)
(2009, 61.2403)
(2010, 61.1642)
(2011, 60.3067)
(2012, 61.3412)
(2013, 60.4645)
(2014, 61.2086)
(2015, 60.0149)
(2016, 59.8721)
(2017, 59.1782)
(2018, 59.0985)
(2019, 58.7008)
(2020, 59.3149)
(2021, 59.9483)
(2022, 60.2349)
(2023, 61.1428)
(2024, 61.3702)
(2025, 61.2127)
(2026, 60.8249)
(2027, 59.4181)
(2028, 60.1799)
(2029, 61.4382)
(2030, 61.4378)
(2031, 60.8087)
(2032, 60.0895)
(2033, 61.2861)
(2034, 59.6699)
(2035, 58.5301)
(2036, 58.5262)
(2037, 59.1595)
(2038, 59.3626)
(2039, 58.638)
(2040, 59.0452)
(2041, 58.7012)
(2042, 59.3947)
(2043, 60.1041)
(2044, 60.1481)
(2045, 60.5833)
(2046, 59.2403)
(2047, 59.3787)
(2048, 59.889)
(2049, 59.8733)
(2050, 59.8043)
(2051, 59.5348)
(2052, 60.9689)
(2053, 61.1113)
(2054, 61.5362)
(2055, 61.0708)
(2056, 61.1667)
(2057, 62.6407)
(2058, 62.4228)
(2059, 62.8293)
(2060, 61.8765)
(2061, 62.7962)
(2062, 63.1596)
(2063, 63.1518)
(2064, 64.1785)
(2065, 65.5818)
(2066, 65.9188)
(2067, 64.6313)
(2068, 65.0146)
(2069, 64.3032)
(2070, 65.162)
(2071, 65.6784)
(2072, 66.2508)
(2073, 67.8207)
(2074, 68.9804)
(2075, 69.5167)
(2076, 70.2198)
(2077, 71.5598)
(2078, 71.4552)
(2079, 70.4586)
(2080, 69.4259)
(2081, 68.4716)
(2082, 69.5703)
(2083, 69.0261)
(2084, 68.0338)
(2085, 68.2307)
(2086, 68.9907)
(2087, 68.3026)
(2088, 67.8057)
(2089, 68.0701)
(2090, 68.3915)
(2091, 68.2516)
(2092, 67.2147)
(2093, 69.2816)
(2094, 70.1531)
(2095, 71.6806)
(2096, 72.2048)
(2097, 73.155)
(2098, 72.8092)
(2099, 73.6215)
(2100, 75.8999)
(2101, 74.5102)
(2102, 74.405)
(2103, 74.8615)
(2104, 75.3771)
(2105, 74.1438)
(2106, 74.7605)
(2107, 74.8221)
(2108, 73.1315)
(2109, 74.323)
(2110, 73.8351)
(2111, 73.6344)
(2112, 75.7048)
(2113, 78.2612)
(2114, 78.0581)
(2115, 77.5971)
(2116, 78.3242)
(2117, 77.5875)
(2118, 78.8467)
(2119, 79.8601)
(2120, 79.0879)
(2121, 78.5168)
(2122, 78.132)
(2123, 78.0922)
(2124, 75.4702)
(2125, 77.6461)
(2126, 76.3202)
(2127, 77.1429)
(2128, 78.1707)
(2129, 77.5635)
(2130, 78.8357)
(2131, 78.7312)
(2132, 78.2851)
(2133, 77.896)
(2134, 77.1337)
(2135, 77.2849)
(2136, 77.7565)
(2137, 77.4759)
(2138, 77.3924)
(2139, 76.9449)
(2140, 78.2002)
(2141, 75.9039)
(2142, 74.6672)
(2143, 75.7814)
(2144, 77.9427)
(2145, 80.5875)
(2146, 82.5164)
(2147, 82.3166)
(2148, 82.4852)
(2149, 81.333)
(2150, 79.9538)
(2151, 79.6)
(2152, 78.5197)
(2153, 80.4792)
(2154, 80.7835)
(2155, 82.7902)
(2156, 82.3162)
(2157, 83.1465)
(2158, 79.946)
(2159, 79.264)
(2160, 79.3329)
(2161, 78.4069)
(2162, 77.1072)
(2163, 75.7761)
(2164, 77.4986)
(2165, 78.9003)
(2166, 79.0892)
(2167, 80.0451)
(2168, 78.3001)
(2169, 78.7937)
(2170, 79.5803)
(2171, 78.3734)
(2172, 77.1131)
(2173, 76.7648)
(2174, 74.7479)
(2175, 75.2953)
(2176, 76.0805)
(2177, 78.1529)
(2178, 77.496)
(2179, 78.7634)
(2180, 76.4267)
(2181, 77.4305)
(2182, 77.3438)
(2183, 76.7011)
(2184, 75.0853)
(2185, 76.5203)
(2186, 75.0533)
(2187, 75.5468)
(2188, 76.4286)
(2189, 76.9852)
(2190, 75.8205)
(2191, 76.6306)
(2192, 75.964)
(2193, 77.6629)
(2194, 78.6117)
(2195, 78.3897)
(2196, 77.803)
(2197, 79.4824)
(2198, 78.771)
(2199, 78.8664)
(2200, 78.4904)
(2201, 79.0643)
(2202, 78.9204)
(2203, 79.2496)
(2204, 78.9993)
(2205, 77.7515)
(2206, 76.4332)
(2207, 76.8268)
(2208, 78.0975)
(2209, 78.3262)
(2210, 78.8947)
(2211, 78.9868)
(2212, 79.335)
(2213, 79.4547)
(2214, 77.1361)
(2215, 78.1611)
(2216, 77.8901)
(2217, 78.807)
(2218, 78.8501)
(2219, 77.5089)
(2220, 77.3093)
(2221, 78.8856)
(2222, 81.6368)
(2223, 81.5468)
(2224, 81.6611)
(2225, 80.5563)
(2226, 78.9333)
(2227, 79.2069)
(2228, 80.4178)
(2229, 81.421)
(2230, 82.9082)
(2231, 82.9053)
(2232, 82.4757)
(2233, 81.2247)
(2234, 81.7344)
(2235, 80.8373)
(2236, 80.6321)
(2237, 79.864)
(2238, 79.8915)
(2239, 80.288)
(2240, 79.8781)
(2241, 78.5828)
(2242, 79.2097)
(2243, 78.4862)
(2244, 78.1075)
(2245, 76.7146)
(2246, 76.7928)
(2247, 76.5406)
(2248, 76.2878)
(2249, 76.381)
(2250, 75.9567)
(2251, 77.0528)
(2252, 76.7116)
(2253, 76.6862)
(2254, 76.5837)
(2255, 78.1857)
(2256, 79.0742)
(2257, 79.2708)
(2258, 79.3255)
(2259, 78.7135)
(2260, 78.7794)
(2261, 79.9327)
(2262, 80.5686)
(2263, 78.8155)
(2264, 79.4069)
(2265, 78.4613)
(2266, 79.628)
(2267, 77.1385)
(2268, 77.0481)
(2269, 76.7518)
(2270, 76.3564)
(2271, 77.0066)
(2272, 76.5686)
(2273, 75.624)
(2274, 76.4964)
(2275, 74.4679)
(2276, 72.9571)
(2277, 73.1068)
(2278, 71.7572)
(2279, 70.5779)
(2280, 69.3706)
(2281, 69.1346)
(2282, 69.8433)
(2283, 71.2475)
(2284, 73.2497)
(2285, 73.3306)
(2286, 72.9731)
(2287, 72.904)
(2288, 72.3973)
(2289, 71.8232)
(2290, 71.3118)
(2291, 70.5897)
(2292, 73.0052)
(2293, 74.6059)
(2294, 73.3471)
(2295, 72.6219)
(2296, 71.8155)
(2297, 70.7979)
(2298, 74.0289)
(2299, 73.2065)
(2300, 72.7462)
(2301, 71.3086)
(2302, 70.9276)
(2303, 71.647)
(2304, 72.0211)
(2305, 71.9011)
(2306, 72.5819)
(2307, 72.2651)
(2308, 72.7858)
(2309, 73.3801)
(2310, 72.8726)
(2311, 74.1932)
(2312, 74.2865)
(2313, 75.7309)
(2314, 76.1646)
(2315, 75.3771)
(2316, 77.1478)
(2317, 78.0524)
(2318, 77.6875)
(2319, 77.8869)
(2320, 77.5762)
(2321, 78.7937)
(2322, 80.5483)
(2323, 81.589)
(2324, 83.0808)
(2325, 82.5299)
(2326, 83.272)
(2327, 85.7992)
(2328, 84.7876)
(2329, 84.3959)
(2330, 85.5629)
(2331, 86.555)
(2332, 84.017)
(2333, 87.6175)
(2334, 88.3846)
(2335, 86.8927)
(2336, 85.4044)
(2337, 83.7802)
(2338, 81.9247)
(2339, 81.9966)
(2340, 81.1153)
(2341, 80.5455)
(2342, 79.874)
(2343, 80.6378)
(2344, 81.5089)
(2345, 82.3867)
(2346, 80.7602)
(2347, 80.496)
(2348, 79.7631)
(2349, 79.2363)
(2350, 80.1002)
(2351, 82.1512)
(2352, 81.3632)
(2353, 80.4596)
(2354, 80.7919)
(2355, 79.0082)
(2356, 80.176)
(2357, 80.0081)
(2358, 78.327)
(2359, 76.5754)
(2360, 75.3332)
(2361, 77.0006)
(2362, 77.5207)
(2363, 77.6542)
(2364, 78.6143)
(2365, 79.2418)
(2366, 81.328)
(2367, 82.7711)
(2368, 82.0106)
(2369, 82.0381)
(2370, 82.2727)
(2371, 83.8087)
(2372, 81.856)
(2373, 82.8471)
(2374, 81.9057)
(2375, 80.2032)
(2376, 79.5353)
(2377, 79.0618)
(2378, 78.6077)
(2379, 78.811)
(2380, 80.5631)
(2381, 80.3223)
(2382, 81.0004)
(2383, 81.3474)
(2384, 83.5228)
(2385, 85.5391)
(2386, 85.2079)
(2387, 85.6518)
(2388, 85.7885)
(2389, 84.2874)
(2390, 82.8787)
(2391, 83.4629)
(2392, 82.4085)
(2393, 82.8171)
(2394, 82.9892)
(2395, 82.9353)
(2396, 82.2294)
(2397, 83.0983)
(2398, 84.4607)
(2399, 81.9453)
(2400, 82.0668)
(2401, 81.6043)
(2402, 81.9354)
(2403, 84.9351)
(2404, 84.9047)
(2405, 84.4648)
(2406, 85.222)
(2407, 87.3392)
(2408, 88.4306)
(2409, 90.2954)
(2410, 91.0758)
(2411, 92.5431)
(2412, 94.3358)
(2413, 93.6692)
(2414, 94.2141)
(2415, 94.2359)
(2416, 93.2683)
(2417, 93.912)
(2418, 93.7566)
(2419, 94.2854)
(2420, 95.1089)
(2421, 94.1923)
(2422, 93.9438)
(2423, 95.6534)
(2424, 96.8713)
(2425, 96.5747)
(2426, 98.591)
(2427, 98.0336)
(2428, 98.814)
(2429, 100.468)
(2430, 101.031)
(2431, 101.889)
(2432, 101.145)
(2433, 99.6921)
(2434, 100.523)
(2435, 100.705)
(2436, 98.6304)
(2437, 99.6956)
(2438, 99.5833)
(2439, 98.3894)
(2440, 99.2632)
(2441, 101.106)
(2442, 100.083)
(2443, 99.3538)
(2444, 99.6741)
(2445, 97.6643)
(2446, 98.1003)
(2447, 98.8318)
(2448, 97.8096)
(2449, 95.8102)
(2450, 96.4059)
(2451, 95.9859)
(2452, 94.8339)
(2453, 92.8415)
(2454, 92.6064)
(2455, 92.438)
(2456, 93.0046)
(2457, 90.5494)
(2458, 88.5126)
(2459, 88.2026)
(2460, 88.3384)
(2461, 88.7348)
(2462, 90.995)
(2463, 91.1332)
(2464, 90.0026)
(2465, 90.2173)
(2466, 91.3318)
(2467, 91.2828)
(2468, 92.7576)
(2469, 91.7857)
(2470, 92.1639)
(2471, 93.5671)
(2472, 94.4521)
(2473, 93.8713)
(2474, 92.9271)
(2475, 93.2924)
(2476, 93.1255)
(2477, 93.2013)
(2478, 91.3703)
(2479, 90.9989)
(2480, 91.8378)
(2481, 92.7066)
(2482, 94.2934)
(2483, 93.5986)
(2484, 91.6984)
(2485, 93.6306)
(2486, 95.8461)
(2487, 97.2056)
(2488, 97.9249)
(2489, 97.9112)
(2490, 99.9574)
(2491, 100.193)
(2492, 102.408)
(2493, 101.999)
(2494, 101.502)
(2495, 101.962)
(2496, 101.821)
(2497, 102.708)
(2498, 104.776)
(2499, 104.676)
(2500, 104.62)
(2501, 103.238)
(2502, 105.723)
(2503, 105.552)
(2504, 109.109)
(2505, 109.588)
(2506, 108.16)
(2507, 107.061)
(2508, 107.497)
(2509, 108.541)
(2510, 106.98)
(2511, 107.939)
(2512, 106.925)
(2513, 106.015)
(2514, 102.699)
(2515, 102.436)
(2516, 103.793)
(2517, 103.386)
(2518, 103.447)
(2519, 102.652)
