(0, [812035])
(1, [859949])
(2, [181967])
(3, [147156])
(4, [43933])
(5, [26872])
(6, [92189])
(7, [41135])
(8, [44198])
(9, [21340])
(10, [7455])
(11, [8361])
(12, [74094])
(13, [58689])
(14, [17494])
(15, [55440])
(16, [47405])
(17, [12088])
(18, [25502])
(19, [63275])
(20, [19283])
(21, [74934])
(22, [324156])
(23, [616047])
(24, [222085])
(25, [82028])
(26, [172707])
(27, [49462])
(28, [32059])
(29, [23142])
(30, [42511])
(31, [24506])
(32, [92901])
(33, [3651])
(34, [18635])
(35, [4050])
(36, [40456])
(37, [11481])
(38, [91564])
(39, [69783])
(40, [37248])
(41, [106898])
(42, [38166])
(43, [67274])
(44, [218628])
(45, [227478])
(46, [82192])
(47, [10264])
(48, [44104])
(49, [49993])
(50, [68937])
(51, [34228])
(52, [28652])
(53, [35898])
(54, [58785])
(55, [45756])
(56, [61129])
(57, [78340])
(58, [38442])
(59, [43794])
(60, [38261])
(61, [47119])
(62, [75761])
(63, [57342])
(64, [76651])
(65, [79333])
(66, [96606])
(67, [69775])
(68, [32386])
(69, [66758])
(70, [37373])
(71, [15678])
(72, [65665])
(73, [51422])
(74, [65142])
(75, [75972])
(76, [66148])
(77, [16669])
(78, [55689])
(79, [40155])
(80, [24374])
(81, [73458])
(82, [47257])
(83, [19758])
(84, [72417])
(85, [32883])
(86, [57327])
(87, [35267])
(88, [57025])
(89, [65576])
(90, [39305])
(91, [64271])
(92, [66087])
(93, [46463])
(94, [61974])
(95, [39033])
(96, [125591])
(97, [37339])
(98, [46214])
(99, [7529])
(100, [36282])
(101, [31902])
(102, [34929])
(103, [16910])
(104, [54357])
(105, [79487])
(106, [13749])
(107, [32581])
(108, [4203])
(109, [21384])
(110, [69637])
(111, [56502])
(112, [68930])
(113, [67045])
(114, [20531])
(115, [55394])
(116, [28054])
(117, [61845])
(118, [72523])
(119, [92702])
(120, [60529])
(121, [70621])
(122, [17859])
(123, [45254])
(124, [24293])
(125, [30786])
(126, [52868])
(127, [37849])
(128, [78823])
(129, [14458])
(130, [32108])
(131, [62685])
(132, [49186])
(133, [29053])
(134, [120321])
(135, [73355])
(136, [14567])
(137, [28677])
(138, [11000])
(139, [62063])
(140, [4340])
(141, [78531])
(142, [10962])
(143, [84992])
(144, [49362])
(145, [17167])
(146, [39374])
(147, [73661])
(148, [47350])
(149, [32609])
(150, [53175])
(151, [127153])
(152, [65062])
(153, [4247])
(154, [73915])
(155, [83533])
(156, [96354])
(157, [21105])
(158, [10930])
(159, [114530])
(160, [31180])
(161, [30945])
(162, [38920])
(163, [92740])
(164, [78148])
(165, [78358])
(166, [70327])
(167, [40990])
(168, [39940])
(169, [32221])
(170, [32584])
(171, [69909])
(172, [34727])
(173, [69178])
(174, [53484])
(175, [60134])
(176, [52498])
(177, [55136])
(178, [21813])
(179, [34342])
(180, [48120])
(181, [13325])
(182, [523])
(183, [49936])
(184, [58732])
(185, [67370])
(186, [55284])
(187, [60835])
(188, [47394])
(189, [32948])
(190, [70112])
(191, [112463])
(192, [37595])
(193, [29955])
(194, [16614])
(195, [1293])
(196, [94833])
(197, [40033])
(198, [81741])
(199, [108496])
(200, [55070])
(201, [58038])
(202, [84707])
(203, [73379])
(204, [27922])
(205, [79071])
(206, [56835])
(207, [10953])
(208, [35092])
(209, [21498])
(210, [36430])
(211, [53378])
(212, [80655])
(213, [43998])
(214, [48672])
(215, [25722])
(216, [94927])
(217, [20414])
(218, [63540])
(219, [47547])
(220, [75638])
(221, [72869])
(222, [50293])
(223, [11841])
(224, [27995])
(225, [115371])
(226, [85589])
(227, [92835])
(228, [49746])
(229, [109229])
(230, [152647])
(231, [72596])
(232, [35607])
(233, [8555])
(234, [30811])
(235, [56466])
(236, [49128])
(237, [75248])
(238, [46009])
(239, [32011])
(240, [72836])
(241, [22056])
(242, [116867])
(243, [59108])
(244, [44232])
(245, [63247])
(246, [116556])
(247, [40413])
(248, [18925])
(249, [76984])
(250, [122372])
(251, [30660])
(252, [30206])
(253, [64374])
(254, [57735])
(255, [98992])
(256, [74501])
(257, [55845])
(258, [40709])
(259, [80710])
(260, [77746])
(261, [14544])
(262, [32960])
(263, [43245])
(264, [26691])
(265, [61529])
(266, [114141])
(267, [49154])
(268, [24437])
(269, [22960])
(270, [72702])
(271, [84812])
(272, [57168])
(273, [26675])
(274, [69654])
(275, [19916])
(276, [21439])
(277, [26942])
(278, [80929])
(279, [60889])
(280, [22706])
(281, [42051])
(282, [29869])
(283, [21563])
(284, [65777])
(285, [25784])
(286, [10191])
(287, [14542])
(288, [22536])
(289, [41701])
(290, [29223])
(291, [3221])
(292, [71509])
(293, [35634])
(294, [38493])
(295, [109156])
(296, [162424])
(297, [55740])
(298, [80245])
(299, [130448])
(300, [56314])
(301, [11134])
(302, [40654])
(303, [49189])
(304, [70245])
(305, [86591])
(306, [31482])
(307, [47408])
(308, [46788])
(309, [19993])
(310, [77969])
(311, [65529])
(312, [44882])
(313, [39187])
(314, [28263])
(315, [38040])
(316, [63512])
(317, [62492])
(318, [33343])
(319, [68178])
(320, [196731])
(321, [77390])
(322, [83035])
(323, [157623])
(324, [27580])
(325, [36787])
(326, [43070])
(327, [91711])
(328, [65758])
(329, [37696])
(330, [64749])
(331, [68136])
(332, [13456])
(333, [47309])
(334, [99419])
(335, [89397])
(336, [40493])
(337, [39154])
(338, [45498])
(339, [87681])
(340, [32283])
(341, [63498])
(342, [111729])
(343, [43315])
(344, [57008])
(345, [76923])
(346, [110859])
(347, [26724])
(348, [193334])
(349, [124683])
(350, [57601])
(351, [117372])
(352, [62758])
(353, [108784])
(354, [38249])
(355, [19092])
(356, [4248])
(357, [71702])
(358, [48512])
(359, [34837])
(360, [45812])
(361, [30340])
(362, [94274])
(363, [105796])
(364, [77251])
(365, [5351])
(366, [22111])
(367, [36778])
(368, [65542])
(369, [56540])
(370, [49406])
(371, [52204])
(372, [75053])
(373, [45988])
(374, [26708])
(375, [47845])
(376, [51197])
(377, [96441])
(378, [45174])
(379, [31847])
(380, [89805])
(381, [56868])
(382, [101527])
(383, [93808])
(384, [94155])
(385, [82542])
(386, [57973])
(387, [104686])
(388, [30446])
(389, [34309])
(390, [7457])
(391, [32787])
(392, [1566])
(393, [41310])
(394, [33444])
(395, [20402])
(396, [64318])
(397, [97230])
(398, [57539])
(399, [109205])
(400, [22080])
(401, [43505])
(402, [50578])
(403, [68219])
(404, [76931])
(405, [24184])
(406, [81853])
(407, [54640])
(408, [63987])
(409, [62703])
(410, [64569])
(411, [12185])
(412, [51453])
(413, [21241])
(414, [63427])
(415, [72951])
(416, [89393])
(417, [13757])
(418, [44595])
(419, [99118])
(420, [109606])
(421, [69043])
(422, [68223])
(423, [40900])
(424, [54326])
(425, [40730])
(426, [67034])
(427, [54567])
(428, [38266])
(429, [83045])
(430, [41342])
(431, [38381])
(432, [23022])
(433, [56933])
(434, [34592])
(435, [94914])
(436, [66128])
(437, [106543])
(438, [104792])
(439, [64567])
(440, [54751])
(441, [36653])
(442, [136589])
(443, [51588])
(444, [85071])
(445, [31748])
(446, [78039])
(447, [76545])
(448, [74415])
(449, [46904])
(450, [43480])
(451, [16260])
(452, [72781])
(453, [5231])
(454, [51731])
(455, [104166])
(456, [147429])
(457, [93982])
(458, [37139])
(459, [35105])
(460, [63650])
(461, [120402])
(462, [76099])
(463, [38266])
(464, [67572])
(465, [52755])
(466, [83184])
(467, [43354])
(468, [70659])
(469, [9710])
(470, [44816])
(471, [137837])
(472, [147167])
(473, [85480])
(474, [12941])
(475, [21157])
(476, [26835])
(477, [45757])
(478, [68011])
(479, [40199])
(480, [23731])
(481, [27093])
(482, [86080])
(483, [158399])
(484, [94810])
(485, [62086])
(486, [85121])
(487, [70538])
(488, [82471])
(489, [52030])
(490, [184444])
(491, [76672])
(492, [15146])
(493, [4024])
(494, [37962])
(495, [46032])
(496, [54639])
(497, [57725])
(498, [43660])
(499, [28878])
(500, [71856])
(501, [87752])
(502, [49349])
(503, [26561])
(504, [80259])
(505, [61366])
(506, [32556])
(507, [45845])
(508, [65923])
(509, [39194])
(510, [82436])
(511, [170928])
(512, [94725])
(513, [24588])
(514, [124550])
(515, [50038])
(516, [40938])
(517, [13796])
(518, [6191])
(519, [20331])
(520, [79378])
(521, [73356])
(522, [137623])
(523, [57687])
(524, [57517])
(525, [30097])
(526, [137461])
(527, [28169])
(528, [47917])
(529, [43834])
(530, [73446])
(531, [48378])
(532, [112556])
(533, [106976])
(534, [47965])
(535, [109833])
(536, [49529])
(537, [26477])
(538, [58063])
(539, [42602])
(540, [89367])
(541, [75190])
(542, [144095])
(543, [27120])
(544, [68146])
(545, [43847])
(546, [39282])
(547, [27796])
(548, [28327])
(549, [64766])
(550, [84532])
(551, [114916])
(552, [63399])
(553, [115270])
(554, [31886])
(555, [15576])
(556, [54870])
(557, [58258])
(558, [86526])
(559, [114010])
(560, [11455])
(561, [58785])
(562, [104781])
(563, [8767])
(564, [60250])
(565, [41743])
(566, [110425])
(567, [26680])
(568, [79495])
(569, [58780])
(570, [125791])
(571, [79536])
(572, [51151])
(573, [46617])
(574, [130869])
(575, [34200])
(576, [94935])
(577, [27674])
(578, [76178])
(579, [101939])
(580, [125840])
(581, [33876])
(582, [32075])
(583, [199370])
(584, [72100])
(585, [60732])
(586, [53244])
(587, [62124])
(588, [58196])
(589, [69066])
(590, [81709])
(591, [49452])
(592, [41605])
(593, [45041])
(594, [37134])
(595, [106653])
(596, [174136])
(597, [66478])
(598, [42464])
(599, [7780])
(600, [42946])
(601, [89389])
(602, [17015])
(603, [25774])
(604, [110556])
(605, [32719])
(606, [7786])
(607, [9443])
(608, [40030])
(609, [31012])
(610, [27177])
(611, [38575])
(612, [40844])
(613, [9754])
(614, [35726])
(615, [25742])
(616, [42029])
(617, [78509])
(618, [41054])
(619, [21311])
(620, [37409])
(621, [54020])
(622, [33868])
(623, [54834])
(624, [20513])
(625, [39412])
(626, [79199])
(627, [65687])
(628, [53827])
(629, [45569])
(630, [32691])
(631, [72349])
(632, [8989])
(633, [63643])
(634, [56357])
(635, [26393])
(636, [32234])
(637, [23183])
(638, [91184])
(639, [71971])
(640, [64259])
(641, [71539])
(642, [46120])
(643, [50440])
(644, [10331])
(645, [44293])
(646, [12210])
(647, [36909])
(648, [71683])
(649, [47018])
(650, [44223])
(651, [26228])
(652, [30859])
(653, [25744])
(654, [36254])
(655, [55429])
(656, [124127])
(657, [93871])
(658, [81125])
(659, [52822])
(660, [45635])
(661, [33690])
(662, [110170])
(663, [158018])
(664, [69334])
(665, [58945])
(666, [3490])
(667, [12456])
(668, [44141])
(669, [60068])
(670, [33366])
(671, [60475])
(672, [73866])
(673, [23049])
(674, [44508])
(675, [8025])
(676, [61160])
(677, [43408])
(678, [58395])
(679, [38105])
(680, [68773])
(681, [59097])
(682, [161985])
(683, [62798])
(684, [50105])
(685, [41983])
(686, [12049])
(687, [10485])
(688, [30136])
(689, [17838])
(690, [23566])
(691, [18568])
(692, [135547])
(693, [77541])
(694, [72560])
(695, [31990])
(696, [13699])
(697, [26586])
(698, [31709])
(699, [39642])
(700, [67706])
(701, [73218])
(702, [59000])
(703, [91495])
(704, [40271])
(705, [114089])
(706, [73010])
(707, [70444])
(708, [25958])
(709, [162653])
(710, [74430])
(711, [102387])
(712, [59037])
(713, [26762])
(714, [57451])
(715, [48525])
(716, [73939])
(717, [66541])
(718, [84503])
(719, [40536])
(720, [94134])
(721, [42150])
(722, [80504])
(723, [54590])
(724, [20805])
(725, [57968])
(726, [24755])
(727, [111315])
(728, [124093])
(729, [35951])
(730, [48545])
(731, [37351])
(732, [28721])
(733, [80834])
(734, [40762])
(735, [99646])
(736, [8930])
(737, [55925])
(738, [76486])
(739, [36003])
(740, [50314])
(741, [70773])
(742, [75690])
(743, [75591])
(744, [83182])
(745, [82956])
(746, [94718])
(747, [113236])
(748, [107787])
(749, [97118])
(750, [44209])
(751, [4678])
(752, [56579])
(753, [26885])
(754, [32838])
(755, [62019])
(756, [70315])
(757, [78857])
(758, [10389])
(759, [83749])
(760, [73206])
(761, [52050])
(762, [109526])
(763, [24241])
(764, [50702])
(765, [37194])
(766, [63112])
(767, [62929])
(768, [77201])
(769, [60921])
(770, [35299])
(771, [58191])
(772, [35074])
(773, [86456])
(774, [53200])
(775, [82972])
(776, [86957])
(777, [42471])
(778, [73253])
(779, [132559])
(780, [33471])
(781, [53001])
(782, [68995])
(783, [65511])
(784, [48834])
(785, [125805])
(786, [69904])
(787, [85865])
(788, [116349])
(789, [12700])
(790, [117471])
(791, [43433])
(792, [92194])
(793, [70134])
(794, [101477])
(795, [89244])
(796, [41700])
(797, [65142])
(798, [23424])
(799, [23688])
(800, [49533])
(801, [112699])
(802, [39409])
(803, [27396])
(804, [29253])
(805, [31127])
(806, [18571])
(807, [59873])
(808, [25645])
(809, [3123])
(810, [16679])
(811, [22428])
(812, [53256])
(813, [54544])
(814, [46597])
(815, [37447])
(816, [73561])
(817, [106373])
(818, [106309])
(819, [41352])
(820, [28464])
(821, [67014])
(822, [89010])
(823, [73700])
(824, [14674])
(825, [54083])
(826, [140664])
(827, [24923])
(828, [80571])
(829, [68712])
(830, [68995])
(831, [38888])
(832, [67426])
(833, [56443])
(834, [44951])
(835, [130043])
(836, [49100])
(837, [156584])
(838, [73351])
(839, [74503])
(840, [152547])
(841, [96219])
(842, [84308])
(843, [78087])
(844, [76607])
(845, [95914])
(846, [107532])
(847, [118183])
(848, [89401])
(849, [103370])
(850, [122493])
(851, [86114])
(852, [136255])
(853, [40084])
(854, [101001])
(855, [108355])
(856, [124996])
(857, [73594])
(858, [85957])
(859, [149732])
(860, [22282])
(861, [69692])
(862, [72131])
(863, [53164])
(864, [138035])
(865, [117836])
(866, [54845])
(867, [128779])
(868, [87139])
(869, [11948])
(870, [102219])
(871, [33665])
(872, [53452])
(873, [38320])
(874, [64227])
(875, [103694])
(876, [85376])
(877, [94505])
(878, [86536])
(879, [44264])
(880, [116475])
(881, [36183])
(882, [55930])
(883, [37254])
(884, [39060])
(885, [29537])
(886, [72952])
(887, [78121])
(888, [7186])
(889, [22613])
(890, [31273])
(891, [68476])
(892, [34437])
(893, [122379])
(894, [67917])
(895, [55509])
(896, [94387])
(897, [135735])
(898, [35421])
(899, [65013])
(900, [5312])
(901, [45359])
(902, [93233])
(903, [24268])
(904, [141945])
(905, [28828])
(906, [18282])
(907, [64853])
(908, [75375])
(909, [96160])
(910, [48496])
(911, [45765])
(912, [41344])
(913, [18100])
(914, [56483])
(915, [63125])
(916, [17796])
(917, [83124])
(918, [31985])
(919, [58724])
(920, [100003])
(921, [115812])
(922, [50895])
(923, [83169])
(924, [156417])
(925, [83609])
(926, [56352])
(927, [12026])
(928, [80386])
(929, [94200])
(930, [42436])
(931, [75836])
(932, [60702])
(933, [102387])
(934, [110998])
(935, [54106])
(936, [50258])
(937, [44866])
(938, [26813])
(939, [57343])
(940, [72594])
(941, [68418])
(942, [112117])
(943, [126117])
(944, [11609])
(945, [75333])
(946, [71758])
(947, [68026])
(948, [145285])
(949, [132482])
(950, [42223])
(951, [57009])
(952, [71068])
(953, [23736])
(954, [32549])
(955, [54439])
(956, [71438])
(957, [91255])
(958, [112347])
(959, [148303])
(960, [84799])
(961, [46031])
(962, [136672])
(963, [38360])
(964, [49748])
(965, [10482])
(966, [108472])
(967, [70369])
(968, [108944])
(969, [82517])
(970, [104719])
(971, [68791])
(972, [48890])
(973, [39393])
(974, [65650])
(975, [8957])
(976, [109948])
(977, [61816])
(978, [28975])
(979, [83076])
(980, [75003])
(981, [91631])
(982, [82776])
(983, [51591])
(984, [36056])
(985, [51969])
(986, [69820])
(987, [41827])
(988, [128331])
(989, [51568])
(990, [88090])
(991, [168153])
(992, [31719])
(993, [94756])
(994, [105145])
(995, [86124])
(996, [42657])
(997, [90277])
(998, [27466])
(999, [39389])
(1000, [125170])
(1001, [68412])
(1002, [36262])
(1003, [32667])
(1004, [41531])
(1005, [139847])
(1006, [96305])
(1007, [138076])
(1008, [2037])
(1009, [79436])
(1010, [97864])
(1011, [42992])
(1012, [25676])
(1013, [81213])
(1014, [30955])
(1015, [58670])
(1016, [19430])
(1017, [33493])
(1018, [44850])
(1019, [26769])
(1020, [182635])
(1021, [100666])
(1022, [81418])
(1023, [64689])
(1024, [37916])
(1025, [29021])
(1026, [69937])
(1027, [7805])
(1028, [121990])
(1029, [76081])
(1030, [115679])
(1031, [127146])
(1032, [73584])
(1033, [60047])
(1034, [76389])
(1035, [107665])
(1036, [118318])
(1037, [129864])
(1038, [75652])
(1039, [99394])
(1040, [49571])
(1041, [128628])
(1042, [42816])
(1043, [19055])
(1044, [7501])
(1045, [41644])
(1046, [98107])
(1047, [162533])
(1048, [174410])
(1049, [141192])
(1050, [144276])
(1051, [65369])
(1052, [91895])
(1053, [57777])
(1054, [52879])
(1055, [79628])
(1056, [21719])
(1057, [87255])
(1058, [43254])
(1059, [68870])
(1060, [62813])
(1061, [24333])
(1062, [181821])
(1063, [70505])
(1064, [129281])
(1065, [115022])
(1066, [89315])
(1067, [104450])
(1068, [61444])
(1069, [67260])
(1070, [42186])
(1071, [53319])
(1072, [55489])
(1073, [67236])
(1074, [71096])
(1075, [58879])
(1076, [27322])
(1077, [62380])
(1078, [8908])
(1079, [79341])
(1080, [104169])
(1081, [36023])
(1082, [82277])
(1083, [100652])
(1084, [45539])
(1085, [108230])
(1086, [100780])
(1087, [136606])
(1088, [51467])
(1089, [101501])
(1090, [70529])
(1091, [121017])
(1092, [155050])
(1093, [98786])
(1094, [34666])
(1095, [41774])
(1096, [74495])
(1097, [40991])
(1098, [36251])
(1099, [78190])
(1100, [75282])
(1101, [5046])
(1102, [106351])
(1103, [95699])
(1104, [17182])
(1105, [32841])
(1106, [119212])
(1107, [129141])
(1108, [33445])
(1109, [12181])
(1110, [58827])
(1111, [93107])
(1112, [126301])
(1113, [26515])
(1114, [67409])
(1115, [29914])
(1116, [20609])
(1117, [44315])
(1118, [52942])
(1119, [126685])
(1120, [74989])
(1121, [97141])
(1122, [92808])
(1123, [95998])
(1124, [51939])
(1125, [28046])
(1126, [24974])
(1127, [95404])
(1128, [70905])
(1129, [141493])
(1130, [131280])
(1131, [34354])
(1132, [88380])
(1133, [25048])
(1134, [92841])
(1135, [97706])
(1136, [20466])
(1137, [7455])
(1138, [42459])
(1139, [88267])
(1140, [75411])
(1141, [114301])
(1142, [97417])
(1143, [47051])
(1144, [48554])
(1145, [98005])
(1146, [108330])
(1147, [67725])
(1148, [33644])
(1149, [99947])
(1150, [63814])
(1151, [81717])
(1152, [68834])
(1153, [63189])
(1154, [25769])
(1155, [40948])
(1156, [51661])
(1157, [106397])
(1158, [111216])
(1159, [84108])
(1160, [149393])
(1161, [17257])
(1162, [70038])
(1163, [33348])
(1164, [86766])
(1165, [101565])
(1166, [58118])
(1167, [81293])
(1168, [29071])
(1169, [101691])
(1170, [19827])
(1171, [25276])
(1172, [14988])
(1173, [89497])
(1174, [40673])
(1175, [13280])
(1176, [60974])
(1177, [22836])
(1178, [67423])
(1179, [119289])
(1180, [23608])
(1181, [121283])
(1182, [92295])
(1183, [34548])
(1184, [94794])
(1185, [82608])
(1186, [121196])
(1187, [82597])
(1188, [54825])
(1189, [81796])
(1190, [99497])
(1191, [95036])
(1192, [46798])
(1193, [103724])
(1194, [151560])
(1195, [94970])
(1196, [49083])
(1197, [38960])
(1198, [95209])
(1199, [130151])
(1200, [135754])
(1201, [50941])
(1202, [51037])
(1203, [85323])
(1204, [48273])
(1205, [6906])
(1206, [93755])
(1207, [137784])
(1208, [48618])
(1209, [117917])
(1210, [137531])
(1211, [58728])
(1212, [103402])
(1213, [137739])
(1214, [78502])
(1215, [66206])
(1216, [60685])
(1217, [13041])
(1218, [12448])
(1219, [168939])
(1220, [53784])
(1221, [50516])
(1222, [104523])
(1223, [129113])
(1224, [30534])
(1225, [46003])
(1226, [87635])
(1227, [101944])
(1228, [151996])
(1229, [161749])
(1230, [85491])
(1231, [216756])
(1232, [102366])
(1233, [75492])
(1234, [161923])
(1235, [52163])
(1236, [106809])
(1237, [52681])
(1238, [65002])
(1239, [15199])
(1240, [25207])
(1241, [39900])
(1242, [77321])
(1243, [68825])
(1244, [59637])
(1245, [97509])
(1246, [109808])
(1247, [39864])
(1248, [30410])
(1249, [69342])
(1250, [61145])
(1251, [132409])
(1252, [22560])
(1253, [132552])
(1254, [64686])
(1255, [156405])
(1256, [76691])
(1257, [102084])
(1258, [65097])
(1259, [155489])
(1260, [82040])
(1261, [53321])
(1262, [63789])
(1263, [25878])
(1264, [140594])
(1265, [30153])
(1266, [85045])
(1267, [24129])
(1268, [57179])
(1269, [27266])
(1270, [34963])
(1271, [55632])
(1272, [50149])
(1273, [57861])
(1274, [147473])
(1275, [76775])
(1276, [60103])
(1277, [89338])
(1278, [116138])
(1279, [47332])
(1280, [49855])
(1281, [111084])
(1282, [91243])
(1283, [89533])
(1284, [109287])
(1285, [58816])
(1286, [63897])
(1287, [24812])
(1288, [51241])
(1289, [14381])
(1290, [54629])
(1291, [42711])
(1292, [129708])
(1293, [139934])
(1294, [175682])
(1295, [137297])
(1296, [70188])
(1297, [43440])
(1298, [142383])
(1299, [23557])
(1300, [46073])
(1301, [58776])
(1302, [32988])
(1303, [99212])
(1304, [9048])
(1305, [162415])
(1306, [14603])
(1307, [61727])
(1308, [55494])
(1309, [15459])
(1310, [146972])
(1311, [37013])
(1312, [31545])
(1313, [61319])
(1314, [35672])
(1315, [116480])
(1316, [105953])
(1317, [134352])
(1318, [18885])
(1319, [104955])
(1320, [117374])
(1321, [29267])
(1322, [17843])
(1323, [191150])
(1324, [86463])
(1325, [31385])
(1326, [46042])
(1327, [92575])
(1328, [94071])
(1329, [123392])
(1330, [127278])
(1331, [211731])
(1332, [44693])
(1333, [51239])
(1334, [16060])
(1335, [115136])
(1336, [34280])
(1337, [77387])
(1338, [102621])
(1339, [54559])
(1340, [85525])
(1341, [152465])
(1342, [54185])
(1343, [93620])
(1344, [39481])
(1345, [48355])
(1346, [85160])
(1347, [41141])
(1348, [91138])
(1349, [41391])
(1350, [31952])
(1351, [53684])
(1352, [28466])
(1353, [28133])
(1354, [121528])
(1355, [17527])
(1356, [149289])
(1357, [41369])
(1358, [94850])
(1359, [136628])
(1360, [42336])
(1361, [43779])
(1362, [37065])
(1363, [55641])
(1364, [22953])
(1365, [65914])
(1366, [103785])
(1367, [75206])
(1368, [72045])
(1369, [173812])
(1370, [34302])
(1371, [52836])
(1372, [24484])
(1373, [55161])
(1374, [83464])
(1375, [88894])
(1376, [150749])
(1377, [173026])
(1378, [97606])
(1379, [15735])
(1380, [123513])
(1381, [2470])
(1382, [48179])
(1383, [52086])
(1384, [85555])
(1385, [114602])
(1386, [81368])
(1387, [122630])
(1388, [59668])
(1389, [112865])
(1390, [74412])
(1391, [21821])
(1392, [78745])
(1393, [106050])
(1394, [133631])
(1395, [157970])
(1396, [94319])
(1397, [103871])
(1398, [242307])
(1399, [77825])
(1400, [67144])
(1401, [84641])
(1402, [41624])
(1403, [39884])
(1404, [73190])
(1405, [67745])
(1406, [91100])
(1407, [72766])
(1408, [78418])
(1409, [112149])
(1410, [85178])
(1411, [32501])
(1412, [181959])
(1413, [21988])
(1414, [25630])
(1415, [85836])
(1416, [81425])
(1417, [92471])
(1418, [56141])
(1419, [42146])
(1420, [105199])
(1421, [179420])
(1422, [63366])
(1423, [22564])
(1424, [18429])
(1425, [74370])
(1426, [54380])
(1427, [48176])
(1428, [129378])
(1429, [174860])
(1430, [57821])
(1431, [39948])
(1432, [106298])
(1433, [67643])
(1434, [164511])
(1435, [119520])
(1436, [38901])
(1437, [4781])
(1438, [99321])
(1439, [163286])
(1440, [59462])
(1441, [57684])
(1442, [45008])
(1443, [65502])
(1444, [35116])
(1445, [55919])
(1446, [92949])
(1447, [72038])
(1448, [131105])
(1449, [55125])
(1450, [70499])
(1451, [197159])
(1452, [38606])
(1453, [25884])
(1454, [115178])
(1455, [169891])
(1456, [43638])
(1457, [169033])
(1458, [51641])
(1459, [48208])
(1460, [44691])
(1461, [91316])
(1462, [36154])
(1463, [34154])
(1464, [39837])
(1465, [69719])
(1466, [165678])
(1467, [86777])
(1468, [201354])
(1469, [32818])
(1470, [201878])
(1471, [111777])
(1472, [75692])
(1473, [31135])
(1474, [11085])
(1475, [152275])
(1476, [93383])
(1477, [112630])
(1478, [73499])
(1479, [151571])
(1480, [76926])
(1481, [102432])
(1482, [79576])
(1483, [141972])
(1484, [138447])
(1485, [28616])
(1486, [99133])
(1487, [165420])
(1488, [127824])
(1489, [79208])
(1490, [191574])
(1491, [153474])
(1492, [64495])
(1493, [24598])
(1494, [37012])
(1495, [204600])
(1496, [35978])
(1497, [110059])
(1498, [107598])
(1499, [36901])
(1500, [70501])
(1501, [49137])
(1502, [43621])
(1503, [104394])
(1504, [107089])
(1505, [75891])
(1506, [53047])
(1507, [26041])
(1508, [123714])
(1509, [45226])
(1510, [48829])
(1511, [32084])
(1512, [40618])
(1513, [56870])
(1514, [88119])
(1515, [120189])
(1516, [132088])
(1517, [142170])
(1518, [20153])
(1519, [116443])
(1520, [68441])
(1521, [102097])
(1522, [122927])
(1523, [142343])
(1524, [66114])
(1525, [42875])
(1526, [50875])
(1527, [53724])
(1528, [67274])
(1529, [68531])
(1530, [64607])
(1531, [102252])
(1532, [63879])
(1533, [133398])
(1534, [112222])
(1535, [58119])
(1536, [67597])
(1537, [160281])
(1538, [40901])
(1539, [125089])
(1540, [44645])
(1541, [53365])
(1542, [82207])
(1543, [127124])
(1544, [98684])
(1545, [162475])
(1546, [107178])
(1547, [97809])
(1548, [98950])
(1549, [55846])
(1550, [157083])
(1551, [2193])
(1552, [102561])
(1553, [177189])
(1554, [15762])
(1555, [35207])
(1556, [44266])
(1557, [35104])
(1558, [55221])
(1559, [77804])
(1560, [114935])
(1561, [62302])
(1562, [24692])
(1563, [126849])
(1564, [131434])
(1565, [103658])
(1566, [31360])
(1567, [108155])
(1568, [6337])
(1569, [149470])
(1570, [86018])
(1571, [98377])
(1572, [121158])
(1573, [20882])
(1574, [64343])
(1575, [46849])
(1576, [86149])
(1577, [61789])
(1578, [200490])
(1579, [176829])
(1580, [106934])
(1581, [103755])
(1582, [42375])
(1583, [10735])
(1584, [139430])
(1585, [81447])
(1586, [149111])
(1587, [54086])
(1588, [32946])
(1589, [127739])
(1590, [38483])
(1591, [80182])
(1592, [67864])
(1593, [197436])
(1594, [88007])
(1595, [85664])
(1596, [105541])
(1597, [134625])
(1598, [102430])
(1599, [14059])
(1600, [69435])
(1601, [74825])
(1602, [60820])
(1603, [210546])
(1604, [114207])
(1605, [140444])
(1606, [105142])
(1607, [50229])
(1608, [32258])
(1609, [192352])
(1610, [168462])
(1611, [37152])
(1612, [37941])
(1613, [111380])
(1614, [155983])
(1615, [123102])
(1616, [95862])
(1617, [121804])
(1618, [130989])
(1619, [160621])
(1620, [47091])
(1621, [62458])
(1622, [52738])
(1623, [258542])
(1624, [149898])
(1625, [117907])
(1626, [165156])
(1627, [157400])
(1628, [110314])
(1629, [93993])
(1630, [42459])
(1631, [79987])
(1632, [34713])
(1633, [90870])
(1634, [91803])
(1635, [52401])
(1636, [107001])
(1637, [22268])
(1638, [105403])
(1639, [74947])
(1640, [140347])
(1641, [177079])
(1642, [59726])
(1643, [53324])
(1644, [113756])
(1645, [37618])
(1646, [77990])
(1647, [186332])
(1648, [79759])
(1649, [23343])
(1650, [7039])
(1651, [70913])
(1652, [43751])
(1653, [92588])
(1654, [43501])
(1655, [233513])
(1656, [38922])
(1657, [59358])
(1658, [93869])
(1659, [157939])
(1660, [50030])
(1661, [140271])
(1662, [174910])
(1663, [119216])
(1664, [22044])
(1665, [63930])
(1666, [75580])
(1667, [32082])
(1668, [28612])
(1669, [84574])
(1670, [75124])
(1671, [35509])
(1672, [88303])
(1673, [126774])
(1674, [125230])
(1675, [21067])
(1676, [102435])
(1677, [91849])
(1678, [52386])
(1679, [70648])
(1680, [78669])
(1681, [98178])
(1682, [210551])
(1683, [173986])
(1684, [47033])
(1685, [72361])
(1686, [262490])
(1687, [67951])
(1688, [137889])
(1689, [32523])
(1690, [39644])
(1691, [166427])
(1692, [76392])
(1693, [26180])
(1694, [31932])
(1695, [75416])
(1696, [102993])
(1697, [83945])
(1698, [137727])
(1699, [51578])
(1700, [43931])
(1701, [106040])
(1702, [51968])
(1703, [84086])
(1704, [67473])
(1705, [163999])
(1706, [67412])
(1707, [115424])
(1708, [66618])
(1709, [149542])
(1710, [43483])
(1711, [51596])
(1712, [39560])
(1713, [50890])
(1714, [43728])
(1715, [62994])
(1716, [73201])
(1717, [50997])
(1718, [106609])
(1719, [72253])
(1720, [55189])
(1721, [46910])
(1722, [125994])
(1723, [46450])
(1724, [132688])
(1725, [67041])
(1726, [67850])
(1727, [114814])
(1728, [60249])
(1729, [61666])
(1730, [97219])
(1731, [111210])
(1732, [93441])
(1733, [20609])
(1734, [130530])
(1735, [64113])
(1736, [55103])
(1737, [53481])
(1738, [84463])
(1739, [125742])
(1740, [93906])
(1741, [139793])
(1742, [48425])
(1743, [60243])
(1744, [120600])
(1745, [106995])
(1746, [197350])
(1747, [182848])
(1748, [124670])
(1749, [63750])
(1750, [120072])
(1751, [133276])
(1752, [304840])
(1753, [218262])
(1754, [78467])
(1755, [95345])
(1756, [65922])
(1757, [152009])
(1758, [172842])
(1759, [81993])
(1760, [57605])
(1761, [82437])
(1762, [31487])
(1763, [107824])
(1764, [100658])
(1765, [112032])
(1766, [87304])
(1767, [80876])
(1768, [115893])
(1769, [20707])
(1770, [80977])
(1771, [126486])
(1772, [127199])
(1773, [104913])
(1774, [81882])
(1775, [190166])
(1776, [58711])
(1777, [121003])
(1778, [90974])
(1779, [112265])
(1780, [46674])
(1781, [41441])
(1782, [34868])
(1783, [40825])
(1784, [72715])
(1785, [63974])
(1786, [99942])
(1787, [112320])
(1788, [116083])
(1789, [135825])
(1790, [134285])
(1791, [76017])
(1792, [137163])
(1793, [131670])
(1794, [65503])
(1795, [85406])
(1796, [28323])
(1797, [137267])
(1798, [74858])
(1799, [81449])
(1800, [71998])
(1801, [60817])
(1802, [47848])
(1803, [101046])
(1804, [56148])
(1805, [53775])
(1806, [50392])
(1807, [112272])
(1808, [40072])
(1809, [51527])
(1810, [77376])
(1811, [95208])
(1812, [60381])
(1813, [111486])
(1814, [151362])
(1815, [137861])
(1816, [121519])
(1817, [111996])
(1818, [97947])
(1819, [59203])
(1820, [45749])
(1821, [49287])
(1822, [84332])
(1823, [97313])
(1824, [26949])
(1825, [54884])
(1826, [72346])
(1827, [23160])
(1828, [64781])
(1829, [59336])
(1830, [75067])
(1831, [85065])
(1832, [35704])
(1833, [65699])
(1834, [24185])
(1835, [30428])
(1836, [34131])
(1837, [97816])
(1838, [54115])
(1839, [56960])
(1840, [84769])
(1841, [55677])
(1842, [77598])
(1843, [110525])
(1844, [44282])
(1845, [52267])
(1846, [64454])
(1847, [147048])
(1848, [124991])
(1849, [45914])
(1850, [112416])
(1851, [227334])
(1852, [36358])
(1853, [85637])
(1854, [21718])
(1855, [115165])
(1856, [54437])
(1857, [98400])
(1858, [28228])
(1859, [86625])
(1860, [26045])
(1861, [100289])
(1862, [41696])
(1863, [96727])
(1864, [31692])
(1865, [76005])
(1866, [107615])
(1867, [93957])
(1868, [120407])
(1869, [74091])
(1870, [91173])
(1871, [135871])
(1872, [116059])
(1873, [107218])
(1874, [108333])
(1875, [71811])
(1876, [39151])
(1877, [88680])
(1878, [56262])
(1879, [70053])
(1880, [59487])
(1881, [134793])
(1882, [30116])
(1883, [113744])
(1884, [125332])
(1885, [134848])
(1886, [218761])
(1887, [93346])
(1888, [97475])
(1889, [95692])
(1890, [115029])
(1891, [40856])
(1892, [24229])
(1893, [73120])
(1894, [137466])
(1895, [223028])
(1896, [66689])
(1897, [27089])
(1898, [60472])
(1899, [123219])
(1900, [68666])
(1901, [35469])
(1902, [76742])
(1903, [163367])
(1904, [89390])
(1905, [48043])
(1906, [24335])
(1907, [33548])
(1908, [80438])
(1909, [28228])
(1910, [52585])
(1911, [73712])
(1912, [104988])
(1913, [24637])
(1914, [96528])
(1915, [114894])
(1916, [99793])
(1917, [92309])
(1918, [119319])
(1919, [165284])
(1920, [45895])
(1921, [94659])
(1922, [22794])
(1923, [20513])
(1924, [128136])
(1925, [82654])
(1926, [87604])
(1927, [82318])
(1928, [121516])
(1929, [90419])
(1930, [55592])
(1931, [34094])
(1932, [175830])
(1933, [107767])
(1934, [28859])
(1935, [8631])
(1936, [69685])
(1937, [104910])
(1938, [96538])
(1939, [122524])
(1940, [14601])
(1941, [125393])
(1942, [88995])
(1943, [29235])
(1944, [95270])
(1945, [78825])
(1946, [119613])
(1947, [83199])
(1948, [176874])
(1949, [115384])
(1950, [107797])
(1951, [107705])
(1952, [135239])
(1953, [166441])
(1954, [117298])
(1955, [64251])
(1956, [59913])
(1957, [50622])
(1958, [91771])
(1959, [102164])
(1960, [60625])
(1961, [77945])
(1962, [30396])
(1963, [32144])
(1964, [35522])
(1965, [150866])
(1966, [85079])
(1967, [195757])
(1968, [120555])
(1969, [73103])
(1970, [100555])
(1971, [79126])
(1972, [53334])
(1973, [13243])
(1974, [206719])
(1975, [58139])
(1976, [112427])
(1977, [125877])
(1978, [74733])
(1979, [92353])
(1980, [83936])
(1981, [12332])
(1982, [112062])
(1983, [138967])
(1984, [65766])
(1985, [34262])
(1986, [81232])
(1987, [112857])
(1988, [83133])
(1989, [56279])
(1990, [17326])
(1991, [96321])
(1992, [68209])
(1993, [182790])
(1994, [191436])
(1995, [26889])
(1996, [173807])
(1997, [94596])
(1998, [126432])
(1999, [107945])
(2000, [96035])
(2001, [95502])
(2002, [27727])
(2003, [95641])
(2004, [12227])
(2005, [150545])
(2006, [43142])
(2007, [113739])
(2008, [147283])
(2009, [121823])
(2010, [27678])
(2011, [101261])
(2012, [85121])
(2013, [65666])
(2014, [124598])
(2015, [225541])
(2016, [31564])
(2017, [23354])
(2018, [103103])
(2019, [90153])
(2020, [71639])
(2021, [106820])
(2022, [63378])
(2023, [109859])
(2024, [50452])
(2025, [132705])
(2026, [67548])
(2027, [78637])
(2028, [101161])
(2029, [164759])
(2030, [77131])
(2031, [113705])
(2032, [152129])
(2033, [124072])
(2034, [154752])
(2035, [138043])
(2036, [118101])
(2037, [29313])
(2038, [76179])
(2039, [133702])
(2040, [109002])
(2041, [48863])
(2042, [62081])
(2043, [21485])
(2044, [25625])
(2045, [8318])
(2046, [118003])
(2047, [95391])
(2048, [50285])
(2049, [84156])
(2050, [77085])
(2051, [32511])
(2052, [49057])
(2053, [28179])
(2054, [144693])
(2055, [230264])
(2056, [64963])
(2057, [109955])
(2058, [84574])
(2059, [138526])
(2060, [49321])
(2061, [67334])
(2062, [9234])
(2063, [60291])
(2064, [146760])
(2065, [81555])
(2066, [36738])
(2067, [62104])
(2068, [40016])
(2069, [44785])
(2070, [38984])
(2071, [31057])
(2072, [26384])
(2073, [175213])
(2074, [62020])
(2075, [32861])
(2076, [121284])
(2077, [149665])
(2078, [36673])
(2079, [57471])
(2080, [174980])
(2081, [79602])
(2082, [133995])
(2083, [60118])
(2084, [70291])
(2085, [51531])
(2086, [21104])
(2087, [33869])
(2088, [179100])
(2089, [126099])
(2090, [22630])
(2091, [61368])
(2092, [58035])
(2093, [119659])
(2094, [80812])
(2095, [124228])
(2096, [51620])
(2097, [33427])
(2098, [44144])
(2099, [14432])
(2100, [125916])
(2101, [23830])
(2102, [22175])
(2103, [5744])
(2104, [30516])
(2105, [108072])
(2106, [32932])
(2107, [122369])
(2108, [77665])
(2109, [92238])
(2110, [190436])
(2111, [62695])
(2112, [83578])
(2113, [60720])
(2114, [143921])
(2115, [71831])
(2116, [36314])
(2117, [15536])
(2118, [36497])
(2119, [86179])
(2120, [89095])
(2121, [37157])
(2122, [121374])
(2123, [51962])
(2124, [107237])
(2125, [110055])
(2126, [76021])
(2127, [28179])
(2128, [75479])
(2129, [74714])
(2130, [40761])
(2131, [50700])
(2132, [41517])
(2133, [30256])
(2134, [59093])
(2135, [128388])
(2136, [70481])
(2137, [53468])
(2138, [62929])
(2139, [123491])
(2140, [98050])
(2141, [46151])
(2142, [83384])
(2143, [62020])
(2144, [75128])
(2145, [65008])
(2146, [124827])
(2147, [23184])
(2148, [39185])
(2149, [38753])
(2150, [87437])
(2151, [134552])
(2152, [13800])
(2153, [34559])
(2154, [38616])
(2155, [19449])
(2156, [19937])
(2157, [46758])
(2158, [35401])
(2159, [79489])
(2160, [40416])
(2161, [125631])
(2162, [204216])
(2163, [132767])
(2164, [64016])
(2165, [60728])
(2166, [24292])
(2167, [38370])
(2168, [30586])
(2169, [43853])
(2170, [54157])
(2171, [42990])
(2172, [88102])
(2173, [76523])
(2174, [135245])
(2175, [106175])
(2176, [106417])
(2177, [58104])
(2178, [50585])
(2179, [106136])
(2180, [31619])
(2181, [102679])
(2182, [32873])
(2183, [74419])
(2184, [140998])
(2185, [58001])
(2186, [68895])
(2187, [16834])
(2188, [95805])
(2189, [136597])
(2190, [78774])
(2191, [68620])
(2192, [88725])
(2193, [5234])
(2194, [35583])
(2195, [58544])
(2196, [97051])
(2197, [57543])
(2198, [47167])
(2199, [111173])
(2200, [73193])
(2201, [85556])
(2202, [182695])
(2203, [95786])
(2204, [75106])
(2205, [18140])
(2206, [110369])
(2207, [68597])
(2208, [14159])
(2209, [68640])
(2210, [55862])
(2211, [57007])
(2212, [54663])
(2213, [33285])
(2214, [86015])
(2215, [59898])
(2216, [101971])
(2217, [35812])
(2218, [17823])
(2219, [41815])
(2220, [56470])
(2221, [54958])
(2222, [59243])
(2223, [24260])
(2224, [64043])
(2225, [45865])
(2226, [109690])
(2227, [52318])
(2228, [85047])
(2229, [116418])
(2230, [30927])
(2231, [54893])
(2232, [53675])
(2233, [78456])
(2234, [38672])
(2235, [83066])
(2236, [127995])
(2237, [78517])
(2238, [22746])
(2239, [21034])
(2240, [58240])
(2241, [91193])
(2242, [102419])
(2243, [59476])
(2244, [89591])
(2245, [68247])
(2246, [66139])
(2247, [33553])
(2248, [79938])
(2249, [56724])
(2250, [101014])
(2251, [93466])
(2252, [81459])
(2253, [9749])
(2254, [34328])
(2255, [58703])
(2256, [110042])
(2257, [149657])
(2258, [59601])
(2259, [14322])
(2260, [8927])
(2261, [27916])
(2262, [25308])
(2263, [94346])
(2264, [29942])
(2265, [5767])
(2266, [98984])
(2267, [159929])
(2268, [61983])
(2269, [35212])
(2270, [31826])
(2271, [50733])
(2272, [10542])
(2273, [44648])
(2274, [62145])
(2275, [144901])
(2276, [149858])
(2277, [124325])
(2278, [119326])
(2279, [95815])
(2280, [44239])
(2281, [36015])
(2282, [46487])
(2283, [177264])
(2284, [107977])
(2285, [33825])
(2286, [61388])
(2287, [77898])
(2288, [79416])
(2289, [83028])
(2290, [48849])
(2291, [29500])
(2292, [161267])
(2293, [120171])
(2294, [77515])
(2295, [63890])
(2296, [27709])
(2297, [26385])
(2298, [161116])
(2299, [37307])
(2300, [55021])
(2301, [129840])
(2302, [97606])
(2303, [106674])
(2304, [68199])
(2305, [71725])
(2306, [63801])
(2307, [66132])
(2308, [39813])
(2309, [74614])
(2310, [21247])
(2311, [56178])
(2312, [35434])
(2313, [114035])
(2314, [53626])
(2315, [93381])
(2316, [102612])
(2317, [32221])
(2318, [33073])
(2319, [202346])
(2320, [168424])
(2321, [23268])
(2322, [41045])
(2323, [102993])
(2324, [54824])
(2325, [74881])
(2326, [62446])
(2327, [5463])
(2328, [7889])
(2329, [59849])
(2330, [61771])
(2331, [45616])
(2332, [144586])
(2333, [116943])
(2334, [95310])
(2335, [84619])
(2336, [93049])
(2337, [113295])
(2338, [101710])
(2339, [89896])
(2340, [83354])
(2341, [84228])
(2342, [144356])
(2343, [41895])
(2344, [39192])
(2345, [45723])
(2346, [121165])
(2347, [36993])
(2348, [128809])
(2349, [85811])
(2350, [45498])
(2351, [82355])
(2352, [38612])
(2353, [85582])
(2354, [57508])
(2355, [130925])
(2356, [166145])
(2357, [29191])
(2358, [98644])
(2359, [12920])
(2360, [52026])
(2361, [61956])
(2362, [46101])
(2363, [68518])
(2364, [41084])
(2365, [50458])
(2366, [68149])
(2367, [133135])
(2368, [62409])
(2369, [49780])
(2370, [49344])
(2371, [105062])
(2372, [107661])
(2373, [110761])
(2374, [41682])
(2375, [45531])
(2376, [14762])
(2377, [85061])
(2378, [17539])
(2379, [17701])
(2380, [84098])
(2381, [104270])
(2382, [126619])
(2383, [46072])
(2384, [127584])
(2385, [139747])
(2386, [23181])
(2387, [41172])
(2388, [34484])
(2389, [57882])
(2390, [37453])
(2391, [31118])
(2392, [88657])
(2393, [59957])
(2394, [37283])
(2395, [38933])
(2396, [41457])
(2397, [6127])
(2398, [68276])
(2399, [72447])
(2400, [27236])
(2401, [91262])
(2402, [109301])
(2403, [95790])
(2404, [49900])
(2405, [3339])
(2406, [16295])
(2407, [129150])
(2408, [58006])
(2409, [91172])
(2410, [54406])
(2411, [42531])
(2412, [40354])
(2413, [13344])
(2414, [28609])
(2415, [19204])
(2416, [30398])
(2417, [40317])
(2418, [59751])
(2419, [71945])
(2420, [130505])
(2421, [49390])
(2422, [37374])
(2423, [51953])
(2424, [125673])
(2425, [95740])
(2426, [39338])
(2427, [51105])
(2428, [42295])
(2429, [56075])
(2430, [37121])
(2431, [9053])
(2432, [23138])
(2433, [73674])
(2434, [49403])
(2435, [27182])
(2436, [13966])
(2437, [26614])
(2438, [6135])
(2439, [52115])
(2440, [34489])
(2441, [95844])
(2442, [7563])
(2443, [21248])
(2444, [29871])
(2445, [59433])
(2446, [85898])
(2447, [55160])
(2448, [14228])
(2449, [19197])
(2450, [78411])
(2451, [27112])
(2452, [23188])
(2453, [37430])
(2454, [11946])
(2455, [21202])
(2456, [22134])
(2457, [77774])
(2458, [62666])
(2459, [27097])
(2460, [23744])
(2461, [30380])
(2462, [65213])
(2463, [36371])
(2464, [5812])
(2465, [55366])
(2466, [46922])
(2467, [53654])
(2468, [98747])
(2469, [69550])
(2470, [65533])
(2471, [126366])
(2472, [33417])
(2473, [80308])
(2474, [37104])
(2475, [36642])
(2476, [48329])
(2477, [32582])
(2478, [96789])
(2479, [39584])
(2480, [49786])
(2481, [34166])
(2482, [79233])
(2483, [64088])
(2484, [52845])
(2485, [53514])
(2486, [23190])
(2487, [21454])
(2488, [40974])
(2489, [99055])
(2490, [127138])
(2491, [15294])
(2492, [84218])
(2493, [35331])
(2494, [46857])
(2495, [35723])
(2496, [19348])
(2497, [36747])
(2498, [19652])
(2499, [112541])
(2500, [53661])
(2501, [70897])
(2502, [51519])
(2503, [76519])
(2504, [99404])
(2505, [97550])
(2506, [120790])
(2507, [82562])
(2508, [31236])
(2509, [40548])
(2510, [34414])
(2511, [67459])
(2512, [17347])
(2513, [81551])
(2514, [52222])
(2515, [117660])
(2516, [91298])
(2517, [41140])
(2518, [40057])
(2519, [36618])
